(0, 0) 0.956274 0.491032 0.174304
(0, 1) 0.968631 0.503516 0.183751
(0, 2) 0.970883 0.510166 0.190110
(0, 3) 0.974965 0.509823 0.232183
(0, 4) 0.976082 0.516515 0.257975
(0, 5) 0.947364 0.491771 0.325231
(0, 6) 0.916150 0.469196 0.396632
(0, 7) 0.909903 0.466916 0.395978
(0, 8) 0.899362 0.464595 0.393015
(0, 9) 0.895094 0.460186 0.388905
(0, 10) 0.890356 0.458281 0.388373
(0, 11) 0.882215 0.455602 0.390859
(0, 12) 0.877919 0.449243 0.389150
(0, 13) 0.873209 0.441148 0.381810
(0, 14) 0.865998 0.440034 0.379856
(0, 15) 0.862597 0.442768 0.387705
(0, 16) 0.866338 0.441713 0.397228
(0, 17) 0.868303 0.438241 0.401461
(0, 18) 0.863856 0.434719 0.400612
(0, 19) 0.856307 0.432401 0.396852
(0, 20) 0.846508 0.433056 0.388600
(0, 21) 0.843153 0.436942 0.383731
(0, 22) 0.792278 0.438629 0.360732
(0, 23) 0.511866 0.452019 0.265053
(0, 24) 0.500031 0.447259 0.270579
(0, 25) 0.451943 0.436767 0.261105
(0, 26) 0.409972 0.425271 0.266502
(0, 27) 0.401605 0.411088 0.266338
(0, 28) 0.374479 0.397435 0.264555
(0, 29) 0.337448 0.377194 0.251678
(0, 30) 0.319619 0.373223 0.253319
(0, 31) 0.262607 0.348449 0.228616
(0, 32) 0.238329 0.337204 0.216220
(0, 33) 0.255893 0.202184 0.242090
(0, 34) 0.264323 0.142563 0.244463
(0, 35) 0.264264 0.140970 0.215440
(0, 36) 0.229321 0.144323 0.119433
(0, 37) 0.100156 0.059659 0.165449
(0, 38) 0.063580 0.042924 0.186063
(0, 39) 0.046017 0.033169 0.179457
(1, 0) 0.945392 0.484646 0.170850
(1, 1) 0.957217 0.494758 0.178896
(1, 2) 0.968490 0.504628 0.216337
(1, 3) 0.972399 0.501488 0.235911
(1, 4) 0.965814 0.499553 0.275327
(1, 5) 0.921327 0.469134 0.393325
(1, 6) 0.916487 0.470571 0.396390
(1, 7) 0.904466 0.470667 0.399259
(1, 8) 0.899509 0.468317 0.398196
(1, 9) 0.896245 0.464922 0.397182
(1, 10) 0.884809 0.458348 0.394138
(1, 11) 0.879126 0.452660 0.396030
(1, 12) 0.877197 0.446842 0.396010
(1, 13) 0.874486 0.442704 0.391089
(1, 14) 0.866961 0.446787 0.389277
(1, 15) 0.862671 0.447577 0.393954
(1, 16) 0.864950 0.445839 0.399495
(1, 17) 0.866510 0.440850 0.404453
(1, 18) 0.863065 0.438636 0.404335
(1, 19) 0.856391 0.435395 0.402292
(1, 20) 0.847737 0.434786 0.399432
(1, 21) 0.843041 0.438167 0.391551
(1, 22) 0.739304 0.450978 0.357478
(1, 23) 0.530246 0.459543 0.282882
(1, 24) 0.518470 0.458112 0.292909
(1, 25) 0.464228 0.447144 0.285844
(1, 26) 0.400122 0.427606 0.277266
(1, 27) 0.388864 0.404873 0.279794
(1, 28) 0.358428 0.395957 0.282365
(1, 29) 0.336369 0.386141 0.278647
(1, 30) 0.306916 0.374003 0.271180
(1, 31) 0.283683 0.373270 0.273542
(1, 32) 0.239185 0.341956 0.245828
(1, 33) 0.234571 0.321272 0.257117
(1, 34) 0.250274 0.199970 0.244812
(1, 35) 0.215292 0.231432 0.197930
(1, 36) 0.182377 0.243156 0.135486
(1, 37) 0.132271 0.198057 0.200244
(1, 38) 0.074519 0.085345 0.187530
(1, 39) 0.038929 0.161016 0.193089
(2, 0) 0.939550 0.484604 0.185648
(2, 1) 0.942256 0.492863 0.213489
(2, 2) 0.955894 0.500486 0.230138
(2, 3) 0.965762 0.498310 0.240084
(2, 4) 0.934729 0.480173 0.364206
(2, 5) 0.921145 0.471079 0.397888
(2, 6) 0.917639 0.471720 0.399605
(2, 7) 0.912868 0.470020 0.402266
(2, 8) 0.902244 0.466589 0.403999
(2, 9) 0.893766 0.463309 0.403742
(2, 10) 0.889306 0.456254 0.402665
(2, 11) 0.882321 0.447837 0.402581
(2, 12) 0.878312 0.444961 0.403874
(2, 13) 0.873920 0.449388 0.398649
(2, 14) 0.868465 0.454910 0.395812
(2, 15) 0.865005 0.452993 0.399089
(2, 16) 0.864656 0.448378 0.404720
(2, 17) 0.865097 0.444303 0.408222
(2, 18) 0.861349 0.441455 0.407765
(2, 19) 0.854617 0.438650 0.406478
(2, 20) 0.847432 0.435889 0.406060
(2, 21) 0.843273 0.438105 0.404258
(2, 22) 0.772281 0.449856 0.370563
(2, 23) 0.555401 0.485183 0.296886
(2, 24) 0.532007 0.474473 0.305070
(2, 25) 0.496256 0.464096 0.308759
(2, 26) 0.403661 0.421491 0.294024
(2, 27) 0.389516 0.399373 0.293019
(2, 28) 0.362502 0.391696 0.300432
(2, 29) 0.332588 0.378359 0.300486
(2, 30) 0.304421 0.368525 0.291552
(2, 31) 0.251271 0.357377 0.291721
(2, 32) 0.234504 0.353218 0.276738
(2, 33) 0.228010 0.330219 0.257319
(2, 34) 0.209741 0.315975 0.225538
(2, 35) 0.187429 0.300974 0.209219
(2, 36) 0.160436 0.284682 0.200272
(2, 37) 0.128443 0.274839 0.206479
(2, 38) 0.072004 0.241342 0.194902
(2, 39) 0.049179 0.242498 0.204563
(3, 0) 0.930113 0.481924 0.222863
(3, 1) 0.932255 0.486753 0.227729
(3, 2) 0.940063 0.484278 0.293155
(3, 3) 0.939568 0.481486 0.359751
(3, 4) 0.930754 0.478185 0.402055
(3, 5) 0.925165 0.476389 0.402685
(3, 6) 0.918223 0.472197 0.403012
(3, 7) 0.913685 0.467111 0.407239
(3, 8) 0.910220 0.464198 0.409536
(3, 9) 0.901702 0.459537 0.408569
(3, 10) 0.889878 0.449926 0.405780
(3, 11) 0.885222 0.446586 0.405251
(3, 12) 0.881135 0.447323 0.406330
(3, 13) 0.877224 0.453050 0.405415
(3, 14) 0.872520 0.455261 0.404681
(3, 15) 0.869035 0.453307 0.407626
(3, 16) 0.867432 0.449419 0.410529
(3, 17) 0.865065 0.445077 0.412650
(3, 18) 0.861413 0.443700 0.411519
(3, 19) 0.854325 0.441660 0.410829
(3, 20) 0.847387 0.438580 0.409643
(3, 21) 0.844533 0.438093 0.408254
(3, 22) 0.686068 0.487659 0.349983
(3, 23) 0.565400 0.502747 0.306780
(3, 24) 0.548735 0.489160 0.317834
(3, 25) 0.467445 0.461195 0.309607
(3, 26) 0.396610 0.429854 0.301125
(3, 27) 0.381966 0.408428 0.308142
(3, 28) 0.348328 0.388084 0.321767
(3, 29) 0.325429 0.375233 0.314244
(3, 30) 0.281836 0.355530 0.317288
(3, 31) 0.253203 0.356759 0.310847
(3, 32) 0.242220 0.345391 0.303642
(3, 33) 0.229572 0.330949 0.282006
(3, 34) 0.199189 0.321136 0.266381
(3, 35) 0.174749 0.303601 0.243079
(3, 36) 0.152469 0.286752 0.235551
(3, 37) 0.140743 0.276780 0.245581
(3, 38) 0.088173 0.257102 0.241813
(3, 39) 0.048692 0.245031 0.237511
(4, 0) 0.949293 0.480873 0.327693
(4, 1) 0.939915 0.480282 0.346015
(4, 2) 0.940057 0.475688 0.400050
(4, 3) 0.936363 0.474343 0.401713
(4, 4) 0.930757 0.478290 0.405492
(4, 5) 0.925524 0.479664 0.406861
(4, 6) 0.920915 0.475041 0.407861
(4, 7) 0.916598 0.465913 0.411524
(4, 8) 0.911299 0.461501 0.414426
(4, 9) 0.905155 0.457548 0.414418
(4, 10) 0.897555 0.454530 0.411061
(4, 11) 0.888177 0.449443 0.408610
(4, 12) 0.883407 0.452870 0.410156
(4, 13) 0.880200 0.455094 0.410561
(4, 14) 0.877002 0.454717 0.411552
(4, 15) 0.873720 0.452421 0.412750
(4, 16) 0.870604 0.448832 0.414634
(4, 17) 0.866744 0.447178 0.414905
(4, 18) 0.861549 0.447319 0.414194
(4, 19) 0.853911 0.445633 0.412908
(4, 20) 0.848251 0.442367 0.413377
(4, 21) 0.765567 0.467235 0.382080
(4, 22) 0.599596 0.522359 0.334799
(4, 23) 0.576773 0.503568 0.326617
(4, 24) 0.544791 0.481405 0.335815
(4, 25) 0.517758 0.468451 0.334935
(4, 26) 0.411046 0.436228 0.322716
(4, 27) 0.389922 0.421450 0.323678
(4, 28) 0.361229 0.403799 0.332644
(4, 29) 0.321831 0.366662 0.338132
(4, 30) 0.292588 0.359064 0.336632
(4, 31) 0.264846 0.352329 0.331277
(4, 32) 0.247509 0.341462 0.335059
(4, 33) 0.215829 0.325255 0.314977
(4, 34) 0.176549 0.321973 0.295125
(4, 35) 0.168994 0.314318 0.277982
(4, 36) 0.154923 0.297983 0.269331
(4, 37) 0.135006 0.279630 0.284640
(4, 38) 0.086459 0.264057 0.298073
(4, 39) 0.056385 0.265222 0.277624
(5, 0) 0.959715 0.482408 0.398886
(5, 1) 0.952844 0.482532 0.400331
(5, 2) 0.944843 0.480696 0.400575
(5, 3) 0.937861 0.475965 0.405224
(5, 4) 0.933136 0.476164 0.409438
(5, 5) 0.929215 0.475399 0.410715
(5, 6) 0.924997 0.469234 0.414349
(5, 7) 0.919714 0.464446 0.416883
(5, 8) 0.914791 0.463786 0.417932
(5, 9) 0.907347 0.460688 0.416720
(5, 10) 0.899859 0.460728 0.414728
(5, 11) 0.894457 0.459956 0.415473
(5, 12) 0.887346 0.454826 0.413891
(5, 13) 0.885721 0.456156 0.415510
(5, 14) 0.880719 0.454779 0.415412
(5, 15) 0.877604 0.453800 0.416945
(5, 16) 0.873470 0.451696 0.417168
(5, 17) 0.867203 0.451383 0.418369
(5, 18) 0.862983 0.452293 0.416663
(5, 19) 0.855892 0.449739 0.416794
(5, 20) 0.845664 0.446554 0.419040
(5, 21) 0.774815 0.470997 0.406820
(5, 22) 0.601381 0.526161 0.341971
(5, 23) 0.562350 0.506669 0.353445
(5, 24) 0.537296 0.481315 0.345401
(5, 25) 0.492734 0.457962 0.350263
(5, 26) 0.414478 0.437508 0.350693
(5, 27) 0.386014 0.427777 0.352827
(5, 28) 0.353605 0.398162 0.352803
(5, 29) 0.337346 0.385306 0.358229
(5, 30) 0.308729 0.364224 0.354509
(5, 31) 0.276793 0.359015 0.352274
(5, 32) 0.245075 0.342121 0.355629
(5, 33) 0.216889 0.333384 0.355496
(5, 34) 0.186163 0.333665 0.325416
(5, 35) 0.159088 0.339741 0.295018
(5, 36) 0.142474 0.307911 0.297144
(5, 37) 0.139998 0.285735 0.312684
(5, 38) 0.106046 0.286123 0.307391
(5, 39) 0.064613 0.304092 0.289408
(6, 0) 0.960490 0.484659 0.402834
(6, 1) 0.955622 0.486451 0.404828
(6, 2) 0.947655 0.483747 0.404421
(6, 3) 0.943156 0.477879 0.408927
(6, 4) 0.936847 0.473195 0.412299
(6, 5) 0.932052 0.471049 0.415443
(6, 6) 0.928713 0.470806 0.417440
(6, 7) 0.922058 0.468411 0.419083
(6, 8) 0.915833 0.469349 0.418703
(6, 9) 0.910221 0.470490 0.417319
(6, 10) 0.900374 0.468168 0.416745
(6, 11) 0.898443 0.466016 0.418007
(6, 12) 0.894973 0.461257 0.418865
(6, 13) 0.889769 0.458282 0.420404
(6, 14) 0.884296 0.458015 0.420627
(6, 15) 0.878830 0.456966 0.421090
(6, 16) 0.874369 0.456405 0.422891
(6, 17) 0.869054 0.454064 0.422615
(6, 18) 0.864631 0.452904 0.420746
(6, 19) 0.857059 0.452266 0.423182
(6, 20) 0.846797 0.449744 0.425643
(6, 21) 0.841369 0.455285 0.432009
(6, 22) 0.665886 0.501768 0.384607
(6, 23) 0.542900 0.513012 0.355760
(6, 24) 0.529871 0.492370 0.352993
(6, 25) 0.509077 0.473634 0.355188
(6, 26) 0.425862 0.440630 0.364084
(6, 27) 0.385667 0.429335 0.369256
(6, 28) 0.362153 0.413011 0.365817
(6, 29) 0.342393 0.395561 0.369501
(6, 30) 0.328078 0.392508 0.376825
(6, 31) 0.262524 0.360713 0.371478
(6, 32) 0.234153 0.352623 0.372434
(6, 33) 0.212987 0.347044 0.360751
(6, 34) 0.166140 0.366096 0.331120
(6, 35) 0.147332 0.375153 0.299064
(6, 36) 0.130657 0.366693 0.314219
(6, 37) 0.123753 0.319269 0.328510
(6, 38) 0.073627 0.325739 0.345548
(6, 39) 0.057206 0.343980 0.307644
(7, 0) 0.959153 0.487220 0.408205
(7, 1) 0.955067 0.488543 0.407400
(7, 2) 0.948822 0.488869 0.407234
(7, 3) 0.941985 0.481470 0.411974
(7, 4) 0.939176 0.475987 0.415301
(7, 5) 0.933453 0.473532 0.416978
(7, 6) 0.927825 0.473298 0.418417
(7, 7) 0.922621 0.475920 0.418467
(7, 8) 0.915205 0.476376 0.417335
(7, 9) 0.910859 0.479352 0.416076
(7, 10) 0.905867 0.476109 0.418282
(7, 11) 0.901340 0.466544 0.420523
(7, 12) 0.899672 0.462132 0.422349
(7, 13) 0.894971 0.460481 0.422647
(7, 14) 0.888849 0.460309 0.424582
(7, 15) 0.880959 0.460004 0.424899
(7, 16) 0.876137 0.459634 0.424766
(7, 17) 0.871323 0.459563 0.422973
(7, 18) 0.864491 0.459228 0.421438
(7, 19) 0.858897 0.457775 0.425768
(7, 20) 0.850811 0.456952 0.430230
(7, 21) 0.844226 0.459892 0.434750
(7, 22) 0.772827 0.475514 0.419838
(7, 23) 0.564207 0.508391 0.370044
(7, 24) 0.538182 0.498624 0.361552
(7, 25) 0.522087 0.477419 0.372602
(7, 26) 0.477589 0.458790 0.378233
(7, 27) 0.393188 0.429727 0.389185
(7, 28) 0.356268 0.406246 0.382322
(7, 29) 0.340670 0.398000 0.382571
(7, 30) 0.329156 0.397911 0.393053
(7, 31) 0.276495 0.409513 0.367964
(7, 32) 0.236912 0.388043 0.366189
(7, 33) 0.192685 0.370877 0.356326
(7, 34) 0.168299 0.384837 0.349564
(7, 35) 0.143469 0.381779 0.343848
(7, 36) 0.117639 0.374504 0.357746
(7, 37) 0.097921 0.358066 0.379928
(7, 38) 0.069749 0.344814 0.386468
(7, 39) 0.056013 0.358736 0.358776
(8, 0) 0.958097 0.487531 0.411975
(8, 1) 0.953107 0.490337 0.411029
(8, 2) 0.942279 0.488755 0.409677
(8, 3) 0.938723 0.486530 0.412403
(8, 4) 0.938249 0.481157 0.415151
(8, 5) 0.934176 0.478264 0.418024
(8, 6) 0.928542 0.477181 0.418969
(8, 7) 0.922667 0.480689 0.420219
(8, 8) 0.917552 0.482899 0.419656
(8, 9) 0.910830 0.480461 0.419422
(8, 10) 0.908561 0.473702 0.422778
(8, 11) 0.907159 0.468431 0.424013
(8, 12) 0.903320 0.464932 0.423560
(8, 13) 0.897888 0.463742 0.425704
(8, 14) 0.891894 0.463779 0.427528
(8, 15) 0.885718 0.464201 0.425162
(8, 16) 0.878260 0.465194 0.421579
(8, 17) 0.870836 0.468535 0.418120
(8, 18) 0.865112 0.467989 0.418654
(8, 19) 0.861721 0.464153 0.426155
(8, 20) 0.856915 0.462108 0.430747
(8, 21) 0.851893 0.464468 0.433426
(8, 22) 0.689144 0.484024 0.400974
(8, 23) 0.572249 0.497040 0.379265
(8, 24) 0.544145 0.490301 0.381948
(8, 25) 0.517070 0.479968 0.385975
(8, 26) 0.462374 0.459838 0.399370
(8, 27) 0.407797 0.438065 0.414184
(8, 28) 0.383142 0.440370 0.400358
(8, 29) 0.352297 0.427323 0.374854
(8, 30) 0.296590 0.430919 0.361739
(8, 31) 0.249829 0.424039 0.345273
(8, 32) 0.239218 0.423877 0.346420
(8, 33) 0.219060 0.418582 0.353680
(8, 34) 0.183249 0.398291 0.374602
(8, 35) 0.162224 0.392941 0.407698
(8, 36) 0.137493 0.387074 0.400691
(8, 37) 0.123036 0.376827 0.405892
(8, 38) 0.078330 0.378297 0.403263
(8, 39) 0.052753 0.393205 0.385560
(9, 0) 0.955546 0.490871 0.414046
(9, 1) 0.952991 0.493649 0.414250
(9, 2) 0.946692 0.492787 0.413795
(9, 3) 0.938092 0.489888 0.416003
(9, 4) 0.933670 0.486370 0.417859
(9, 5) 0.932280 0.480756 0.419235
(9, 6) 0.929067 0.480062 0.421918
(9, 7) 0.924947 0.481674 0.423694
(9, 8) 0.921476 0.481592 0.424508
(9, 9) 0.915957 0.477494 0.424532
(9, 10) 0.913243 0.471069 0.425125
(9, 11) 0.911038 0.468322 0.425710
(9, 12) 0.906225 0.466979 0.426805
(9, 13) 0.901553 0.467129 0.428615
(9, 14) 0.896735 0.466926 0.428944
(9, 15) 0.891434 0.468251 0.425656
(9, 16) 0.883371 0.472738 0.421246
(9, 17) 0.876291 0.474581 0.420578
(9, 18) 0.871547 0.469094 0.424600
(9, 19) 0.867346 0.464346 0.428704
(9, 20) 0.861565 0.464659 0.431548
(9, 21) 0.856395 0.469395 0.432226
(9, 22) 0.751508 0.482265 0.421248
(9, 23) 0.564230 0.496721 0.395914
(9, 24) 0.538604 0.494061 0.409139
(9, 25) 0.517040 0.489618 0.408790
(9, 26) 0.493996 0.483235 0.399789
(9, 27) 0.392695 0.466373 0.393212
(9, 28) 0.362753 0.483994 0.372577
(9, 29) 0.350050 0.480494 0.354459
(9, 30) 0.334013 0.473146 0.349682
(9, 31) 0.278106 0.459435 0.360190
(9, 32) 0.235744 0.447675 0.374136
(9, 33) 0.235303 0.428234 0.388500
(9, 34) 0.198673 0.407020 0.406187
(9, 35) 0.163123 0.400026 0.438071
(9, 36) 0.147043 0.399577 0.434023
(9, 37) 0.127036 0.412130 0.431455
(9, 38) 0.090250 0.423747 0.437641
(9, 39) 0.061071 0.418208 0.426574
(10, 0) 0.953354 0.487709 0.416344
(10, 1) 0.950801 0.490224 0.417839
(10, 2) 0.943672 0.490324 0.421155
(10, 3) 0.937801 0.492081 0.420535
(10, 4) 0.934430 0.490696 0.421475
(10, 5) 0.932053 0.483229 0.422256
(10, 6) 0.930566 0.478900 0.423423
(10, 7) 0.928729 0.475851 0.424836
(10, 8) 0.924251 0.477124 0.425562
(10, 9) 0.921076 0.473768 0.426250
(10, 10) 0.916380 0.470931 0.426432
(10, 11) 0.915107 0.470418 0.428634
(10, 12) 0.909438 0.470014 0.429692
(10, 13) 0.904116 0.470221 0.429144
(10, 14) 0.900435 0.469783 0.430457
(10, 15) 0.895145 0.470387 0.428133
(10, 16) 0.886784 0.472816 0.427672
(10, 17) 0.881657 0.470990 0.431219
(10, 18) 0.875892 0.465582 0.431489
(10, 19) 0.871541 0.463240 0.431880
(10, 20) 0.867554 0.464620 0.434153
(10, 21) 0.862309 0.469747 0.435444
(10, 22) 0.712565 0.477815 0.424555
(10, 23) 0.553061 0.489046 0.420379
(10, 24) 0.532886 0.489929 0.427773
(10, 25) 0.519862 0.491941 0.431910
(10, 26) 0.488159 0.498722 0.416680
(10, 27) 0.385860 0.520513 0.394506
(10, 28) 0.360666 0.507818 0.383646
(10, 29) 0.348964 0.492321 0.379074
(10, 30) 0.318702 0.482322 0.384512
(10, 31) 0.271840 0.487779 0.399035
(10, 32) 0.258395 0.470042 0.404687
(10, 33) 0.253101 0.445095 0.410139
(10, 34) 0.226876 0.428396 0.426095
(10, 35) 0.183114 0.428235 0.448190
(10, 36) 0.151392 0.437846 0.439804
(10, 37) 0.122839 0.451931 0.434376
(10, 38) 0.084265 0.442012 0.460982
(10, 39) 0.056765 0.435107 0.475202
(11, 0) 0.950367 0.483949 0.417160
(11, 1) 0.947829 0.485794 0.420380
(11, 2) 0.945124 0.485226 0.421802
(11, 3) 0.940110 0.486778 0.422669
(11, 4) 0.934747 0.485733 0.423225
(11, 5) 0.935143 0.480618 0.423424
(11, 6) 0.932534 0.476153 0.423798
(11, 7) 0.930392 0.472832 0.424951
(11, 8) 0.927445 0.473264 0.425931
(11, 9) 0.924761 0.474426 0.428637
(11, 10) 0.918962 0.473000 0.428824
(11, 11) 0.916007 0.472855 0.430585
(11, 12) 0.913382 0.473218 0.431951
(11, 13) 0.907311 0.472644 0.432214
(11, 14) 0.902987 0.472493 0.431879
(11, 15) 0.897182 0.471344 0.432833
(11, 16) 0.889166 0.470615 0.434919
(11, 17) 0.884382 0.469943 0.434580
(11, 18) 0.879919 0.468534 0.436032
(11, 19) 0.872294 0.466931 0.436496
(11, 20) 0.867031 0.468711 0.439576
(11, 21) 0.863750 0.471081 0.440407
(11, 22) 0.821350 0.477586 0.443136
(11, 23) 0.550493 0.492323 0.428353
(11, 24) 0.533289 0.493834 0.436690
(11, 25) 0.520946 0.495453 0.441334
(11, 26) 0.434006 0.511695 0.415950
(11, 27) 0.391055 0.518767 0.402715
(11, 28) 0.377450 0.508738 0.408464
(11, 29) 0.349460 0.487844 0.407296
(11, 30) 0.336555 0.479565 0.410916
(11, 31) 0.305044 0.478736 0.405856
(11, 32) 0.292774 0.461056 0.433011
(11, 33) 0.273153 0.436146 0.428090
(11, 34) 0.252919 0.448499 0.454942
(11, 35) 0.210205 0.466366 0.467003
(11, 36) 0.178989 0.487285 0.455906
(11, 37) 0.136617 0.485970 0.475866
(11, 38) 0.088341 0.479974 0.515210
(11, 39) 0.055447 0.455454 0.514232
(12, 0) 0.950819 0.480283 0.414772
(12, 1) 0.948844 0.481280 0.419291
(12, 2) 0.943390 0.482510 0.422341
(12, 3) 0.941626 0.482434 0.422859
(12, 4) 0.939155 0.481776 0.424128
(12, 5) 0.938144 0.477016 0.424172
(12, 6) 0.935460 0.475588 0.424456
(12, 7) 0.932580 0.475016 0.426100
(12, 8) 0.928855 0.475926 0.428868
(12, 9) 0.927251 0.476605 0.430982
(12, 10) 0.924071 0.476304 0.431330
(12, 11) 0.918322 0.476007 0.432682
(12, 12) 0.915750 0.476156 0.434870
(12, 13) 0.912567 0.476452 0.434566
(12, 14) 0.906858 0.476699 0.433229
(12, 15) 0.899827 0.476858 0.434474
(12, 16) 0.895547 0.473943 0.437429
(12, 17) 0.887245 0.472227 0.437680
(12, 18) 0.879109 0.472314 0.439338
(12, 19) 0.874392 0.472244 0.440592
(12, 20) 0.869145 0.473828 0.443238
(12, 21) 0.862034 0.476565 0.446027
(12, 22) 0.857151 0.480380 0.449995
(12, 23) 0.795405 0.482575 0.445311
(12, 24) 0.539155 0.497368 0.447538
(12, 25) 0.530145 0.505041 0.464654
(12, 26) 0.455769 0.508151 0.444528
(12, 27) 0.396087 0.508744 0.418262
(12, 28) 0.384079 0.498986 0.425274
(12, 29) 0.370263 0.489004 0.424683
(12, 30) 0.348541 0.484250 0.422073
(12, 31) 0.332785 0.485213 0.443395
(12, 32) 0.319529 0.465400 0.456529
(12, 33) 0.296305 0.454549 0.469131
(12, 34) 0.256220 0.464883 0.491455
(12, 35) 0.231632 0.478520 0.493782
(12, 36) 0.181558 0.484675 0.495474
(12, 37) 0.147937 0.490499 0.508431
(12, 38) 0.132061 0.498363 0.540355
(12, 39) 0.085083 0.496174 0.566023
(13, 0) 0.952332 0.478476 0.417842
(13, 1) 0.951500 0.478336 0.422015
(13, 2) 0.948389 0.479311 0.423435
(13, 3) 0.942946 0.481280 0.424594
(13, 4) 0.941500 0.478345 0.426640
(13, 5) 0.940762 0.476231 0.426399
(13, 6) 0.936516 0.476608 0.427196
(13, 7) 0.933403 0.478485 0.428343
(13, 8) 0.931607 0.479058 0.429588
(13, 9) 0.929761 0.478615 0.432226
(13, 10) 0.926616 0.479336 0.433389
(13, 11) 0.923443 0.480367 0.434996
(13, 12) 0.920003 0.479451 0.435746
(13, 13) 0.915709 0.480273 0.435165
(13, 14) 0.910711 0.485562 0.431067
(13, 15) 0.905753 0.481913 0.433799
(13, 16) 0.901296 0.477569 0.438401
(13, 17) 0.898164 0.478169 0.441504
(13, 18) 0.884917 0.476163 0.440036
(13, 19) 0.877267 0.480362 0.443259
(13, 20) 0.868943 0.479265 0.446583
(13, 21) 0.865763 0.484132 0.451761
(13, 22) 0.859943 0.486259 0.456016
(13, 23) 0.829591 0.489116 0.453737
(13, 24) 0.571490 0.512457 0.473409
(13, 25) 0.542120 0.512522 0.472987
(13, 26) 0.483061 0.506470 0.461612
(13, 27) 0.417866 0.507528 0.436835
(13, 28) 0.399071 0.508040 0.432333
(13, 29) 0.381458 0.504813 0.435169
(13, 30) 0.356249 0.511167 0.448777
(13, 31) 0.339614 0.501296 0.460582
(13, 32) 0.333598 0.484671 0.468732
(13, 33) 0.300841 0.477106 0.491552
(13, 34) 0.266926 0.505902 0.506646
(13, 35) 0.241340 0.501095 0.506653
(13, 36) 0.215488 0.492960 0.517153
(13, 37) 0.155935 0.505580 0.538543
(13, 38) 0.146242 0.518921 0.578147
(13, 39) 0.121709 0.523939 0.603914
(14, 0) 0.957126 0.481690 0.420739
(14, 1) 0.953769 0.480257 0.423548
(14, 2) 0.950907 0.480541 0.426265
(14, 3) 0.946763 0.480344 0.428223
(14, 4) 0.942685 0.479706 0.429048
(14, 5) 0.941052 0.478162 0.429036
(14, 6) 0.938794 0.479625 0.431644
(14, 7) 0.935133 0.479494 0.429440
(14, 8) 0.933573 0.479789 0.431498
(14, 9) 0.932222 0.479525 0.433705
(14, 10) 0.930159 0.480615 0.435507
(14, 11) 0.925947 0.481861 0.435900
(14, 12) 0.923931 0.482713 0.436419
(14, 13) 0.917610 0.487621 0.433955
(14, 14) 0.912407 0.492524 0.432109
(14, 15) 0.909267 0.488944 0.434338
(14, 16) 0.908162 0.481934 0.441517
(14, 17) 0.903443 0.482445 0.443687
(14, 18) 0.892945 0.485690 0.445358
(14, 19) 0.883936 0.486862 0.445578
(14, 20) 0.874311 0.487734 0.451930
(14, 21) 0.864808 0.490134 0.459847
(14, 22) 0.862417 0.491604 0.463098
(14, 23) 0.796153 0.496844 0.464027
(14, 24) 0.590857 0.523070 0.465171
(14, 25) 0.563891 0.520681 0.464136
(14, 26) 0.543521 0.516914 0.456045
(14, 27) 0.441419 0.526908 0.424807
(14, 28) 0.399421 0.532695 0.432566
(14, 29) 0.385803 0.547521 0.446121
(14, 30) 0.372092 0.533517 0.459136
(14, 31) 0.360190 0.517381 0.475255
(14, 32) 0.353069 0.501606 0.488110
(14, 33) 0.335053 0.540363 0.489989
(14, 34) 0.285775 0.550542 0.491188
(14, 35) 0.258330 0.551867 0.498352
(14, 36) 0.237560 0.552290 0.525885
(14, 37) 0.214742 0.547231 0.584847
(14, 38) 0.160981 0.530049 0.597431
(14, 39) 0.143102 0.542993 0.636192
(15, 0) 0.958122 0.483798 0.422247
(15, 1) 0.955421 0.483547 0.425697
(15, 2) 0.951957 0.482391 0.427650
(15, 3) 0.948879 0.481945 0.429405
(15, 4) 0.944597 0.480427 0.430742
(15, 5) 0.941764 0.480218 0.432229
(15, 6) 0.939579 0.480745 0.433407
(15, 7) 0.937805 0.481807 0.431760
(15, 8) 0.935098 0.481516 0.431774
(15, 9) 0.933251 0.481862 0.434158
(15, 10) 0.931935 0.482028 0.436175
(15, 11) 0.929951 0.482732 0.437654
(15, 12) 0.927849 0.484952 0.437608
(15, 13) 0.924271 0.491597 0.435643
(15, 14) 0.917890 0.495444 0.433976
(15, 15) 0.917322 0.490269 0.439310
(15, 16) 0.914295 0.484385 0.443452
(15, 17) 0.908616 0.485253 0.446664
(15, 18) 0.900620 0.487608 0.449526
(15, 19) 0.887982 0.489780 0.452865
(15, 20) 0.876076 0.492703 0.458440
(15, 21) 0.871305 0.495021 0.463562
(15, 22) 0.865808 0.497096 0.469052
(15, 23) 0.776655 0.511538 0.473319
(15, 24) 0.603176 0.528218 0.463224
(15, 25) 0.586579 0.524340 0.440481
(15, 26) 0.541368 0.537803 0.414887
(15, 27) 0.518579 0.548488 0.410001
(15, 28) 0.443197 0.559112 0.431977
(15, 29) 0.390650 0.564917 0.452343
(15, 30) 0.389972 0.535180 0.471910
(15, 31) 0.380778 0.513950 0.499451
(15, 32) 0.359048 0.526152 0.503618
(15, 33) 0.346454 0.553071 0.495990
(15, 34) 0.312620 0.569205 0.494160
(15, 35) 0.271033 0.584889 0.509523
(15, 36) 0.262645 0.574226 0.546802
(15, 37) 0.266805 0.555899 0.575043
(15, 38) 0.227389 0.549498 0.596293
(15, 39) 0.190484 0.569279 0.649530
(16, 0) 0.958597 0.485048 0.425941
(16, 1) 0.956008 0.485026 0.428526
(16, 2) 0.953082 0.484668 0.428511
(16, 3) 0.949393 0.484473 0.429565
(16, 4) 0.945916 0.482681 0.430554
(16, 5) 0.943349 0.482704 0.432119
(16, 6) 0.940153 0.482732 0.432963
(16, 7) 0.938766 0.484465 0.431193
(16, 8) 0.935546 0.484493 0.431453
(16, 9) 0.933072 0.485393 0.433476
(16, 10) 0.932572 0.483792 0.436005
(16, 11) 0.932421 0.484122 0.438377
(16, 12) 0.931891 0.485805 0.438890
(16, 13) 0.931068 0.489130 0.437761
(16, 14) 0.926686 0.491864 0.438155
(16, 15) 0.924707 0.487115 0.441692
(16, 16) 0.919994 0.485874 0.444127
(16, 17) 0.915911 0.487753 0.447035
(16, 18) 0.908720 0.490899 0.452235
(16, 19) 0.900810 0.494770 0.456486
(16, 20) 0.882750 0.495556 0.461927
(16, 21) 0.877777 0.499953 0.469225
(16, 22) 0.870592 0.501219 0.474420
(16, 23) 0.865233 0.504112 0.479127
(16, 24) 0.674441 0.515778 0.451419
(16, 25) 0.577761 0.521952 0.414877
(16, 26) 0.557410 0.534632 0.412016
(16, 27) 0.525685 0.557216 0.419533
(16, 28) 0.518452 0.567122 0.440127
(16, 29) 0.459391 0.555830 0.464252
(16, 30) 0.419061 0.519789 0.490989
(16, 31) 0.396897 0.514320 0.507290
(16, 32) 0.374176 0.534314 0.522941
(16, 33) 0.358387 0.557799 0.512526
(16, 34) 0.333962 0.583565 0.506360
(16, 35) 0.311536 0.608236 0.531679
(16, 36) 0.308254 0.580234 0.562884
(16, 37) 0.305771 0.558479 0.581893
(16, 38) 0.290312 0.571979 0.603575
(16, 39) 0.256413 0.592706 0.636737
(17, 0) 0.958943 0.488081 0.425947
(17, 1) 0.956067 0.486633 0.427417
(17, 2) 0.951948 0.486926 0.426838
(17, 3) 0.948614 0.486504 0.427983
(17, 4) 0.945703 0.485324 0.430164
(17, 5) 0.944666 0.484752 0.431652
(17, 6) 0.942003 0.485000 0.432732
(17, 7) 0.939773 0.485753 0.431665
(17, 8) 0.938362 0.488009 0.432241
(17, 9) 0.934734 0.488071 0.433537
(17, 10) 0.935268 0.486389 0.436082
(17, 11) 0.935722 0.484741 0.438604
(17, 12) 0.934781 0.486378 0.439584
(17, 13) 0.934084 0.488486 0.439304
(17, 14) 0.931138 0.488064 0.441092
(17, 15) 0.927588 0.487017 0.442934
(17, 16) 0.924454 0.487941 0.445811
(17, 17) 0.920305 0.490882 0.449579
(17, 18) 0.915704 0.494317 0.452414
(17, 19) 0.909774 0.496560 0.455956
(17, 20) 0.898573 0.502932 0.462920
(17, 21) 0.885832 0.502319 0.470457
(17, 22) 0.881184 0.504838 0.477214
(17, 23) 0.872177 0.509438 0.484041
(17, 24) 0.780014 0.523888 0.455740
(17, 25) 0.579117 0.554214 0.402625
(17, 26) 0.551088 0.563157 0.404715
(17, 27) 0.528605 0.577405 0.425140
(17, 28) 0.516681 0.566604 0.453718
(17, 29) 0.512825 0.560469 0.471559
(17, 30) 0.485358 0.545776 0.484834
(17, 31) 0.445010 0.544805 0.515790
(17, 32) 0.385771 0.549935 0.525783
(17, 33) 0.392854 0.578541 0.515059
(17, 34) 0.368837 0.608466 0.536035
(17, 35) 0.350797 0.618186 0.559343
(17, 36) 0.358818 0.590454 0.572425
(17, 37) 0.341800 0.574914 0.588974
(17, 38) 0.328807 0.593341 0.612018
(17, 39) 0.298117 0.614701 0.632938
(18, 0) 0.959525 0.490890 0.423451
(18, 1) 0.955593 0.490211 0.424426
(18, 2) 0.950650 0.489639 0.425320
(18, 3) 0.947184 0.490511 0.427486
(18, 4) 0.945324 0.487512 0.430665
(18, 5) 0.945139 0.485918 0.432695
(18, 6) 0.944214 0.484928 0.434057
(18, 7) 0.941510 0.486594 0.433980
(18, 8) 0.940113 0.489318 0.433652
(18, 9) 0.938999 0.490283 0.434928
(18, 10) 0.939370 0.487886 0.437792
(18, 11) 0.939487 0.485856 0.439060
(18, 12) 0.938273 0.486323 0.440551
(18, 13) 0.936249 0.488718 0.440192
(18, 14) 0.934502 0.490176 0.441688
(18, 15) 0.930472 0.489963 0.444226
(18, 16) 0.928522 0.491848 0.448110
(18, 17) 0.925490 0.494960 0.449832
(18, 18) 0.920583 0.498354 0.451461
(18, 19) 0.914277 0.502120 0.457477
(18, 20) 0.907693 0.506318 0.462280
(18, 21) 0.898987 0.506336 0.468035
(18, 22) 0.895545 0.510609 0.477079
(18, 23) 0.890043 0.513830 0.482289
(18, 24) 0.759933 0.553664 0.448263
(18, 25) 0.590833 0.589433 0.403710
(18, 26) 0.561103 0.592882 0.418637
(18, 27) 0.530800 0.593488 0.428550
(18, 28) 0.521678 0.592277 0.459638
(18, 29) 0.518674 0.567691 0.481019
(18, 30) 0.520371 0.568600 0.504806
(18, 31) 0.515663 0.571190 0.514011
(18, 32) 0.450304 0.579567 0.514481
(18, 33) 0.405987 0.608250 0.505023
(18, 34) 0.400892 0.621548 0.519583
(18, 35) 0.380704 0.608129 0.566652
(18, 36) 0.382992 0.587270 0.583180
(18, 37) 0.370445 0.585839 0.598003
(18, 38) 0.354887 0.604287 0.612749
(18, 39) 0.342827 0.630477 0.617838
(19, 0) 0.958385 0.494461 0.421569
(19, 1) 0.954597 0.494262 0.423582
(19, 2) 0.949750 0.493332 0.426261
(19, 3) 0.948118 0.493863 0.428584
(19, 4) 0.947623 0.491284 0.431073
(19, 5) 0.947365 0.486798 0.433411
(19, 6) 0.945969 0.485087 0.435189
(19, 7) 0.944799 0.485778 0.436724
(19, 8) 0.942773 0.488440 0.435508
(19, 9) 0.942450 0.490259 0.436927
(19, 10) 0.942793 0.488971 0.438939
(19, 11) 0.942367 0.486952 0.440614
(19, 12) 0.941416 0.487145 0.442085
(19, 13) 0.938545 0.490062 0.442202
(19, 14) 0.936110 0.492385 0.443037
(19, 15) 0.933507 0.493942 0.444483
(19, 16) 0.931514 0.495165 0.447724
(19, 17) 0.928121 0.498799 0.447199
(19, 18) 0.923848 0.502225 0.450404
(19, 19) 0.920229 0.502752 0.455560
(19, 20) 0.916106 0.503654 0.461171
(19, 21) 0.909393 0.508638 0.469885
(19, 22) 0.901929 0.513174 0.474828
(19, 23) 0.898047 0.514950 0.479181
(19, 24) 0.901930 0.516381 0.481969
(19, 25) 0.685733 0.571521 0.443434
(19, 26) 0.570106 0.592175 0.440427
(19, 27) 0.552572 0.610608 0.451740
(19, 28) 0.528410 0.612557 0.478017
(19, 29) 0.540806 0.591832 0.490671
(19, 30) 0.533577 0.576750 0.504623
(19, 31) 0.524369 0.578489 0.522624
(19, 32) 0.517748 0.579946 0.536226
(19, 33) 0.454820 0.602572 0.525749
(19, 34) 0.394040 0.642233 0.551851
(19, 35) 0.397863 0.621038 0.572506
(19, 36) 0.399592 0.595688 0.585481
(19, 37) 0.388974 0.600318 0.606852
(19, 38) 0.370901 0.625756 0.619371
(19, 39) 0.365461 0.652669 0.619112
(20, 0) 0.957776 0.497983 0.420393
(20, 1) 0.955351 0.497001 0.422955
(20, 2) 0.952532 0.495005 0.427424
(20, 3) 0.950819 0.493119 0.430383
(20, 4) 0.952274 0.489627 0.432543
(20, 5) 0.950560 0.486862 0.433608
(20, 6) 0.948942 0.485459 0.435770
(20, 7) 0.946830 0.486308 0.437232
(20, 8) 0.946383 0.488417 0.436890
(20, 9) 0.945208 0.490163 0.437379
(20, 10) 0.945250 0.490124 0.439536
(20, 11) 0.944662 0.489369 0.441282
(20, 12) 0.943118 0.489469 0.443389
(20, 13) 0.941879 0.490856 0.444735
(20, 14) 0.938793 0.492840 0.444822
(20, 15) 0.936458 0.494414 0.447802
(20, 16) 0.933793 0.495300 0.449256
(20, 17) 0.932223 0.498220 0.449341
(20, 18) 0.929388 0.501618 0.452190
(20, 19) 0.925592 0.500789 0.458047
(20, 20) 0.923711 0.503354 0.463009
(20, 21) 0.918688 0.508006 0.466109
(20, 22) 0.910500 0.513975 0.469043
(20, 23) 0.906830 0.516869 0.477390
(20, 24) 0.909338 0.518347 0.482767
(20, 25) 0.912002 0.520655 0.486012
(20, 26) 0.727565 0.568207 0.467954
(20, 27) 0.599365 0.618417 0.460427
(20, 28) 0.572050 0.626679 0.482363
(20, 29) 0.571007 0.600661 0.496499
(20, 30) 0.563831 0.590694 0.519153
(20, 31) 0.533356 0.590477 0.542849
(20, 32) 0.523418 0.590948 0.555917
(20, 33) 0.513312 0.596388 0.566687
(20, 34) 0.442460 0.630190 0.564074
(20, 35) 0.417411 0.642009 0.571001
(20, 36) 0.418188 0.626861 0.586746
(20, 37) 0.399337 0.625527 0.626681
(20, 38) 0.389483 0.639570 0.644509
(20, 39) 0.381591 0.660652 0.647168
(21, 0) 0.960028 0.500841 0.422635
(21, 1) 0.957962 0.497804 0.424321
(21, 2) 0.956660 0.494525 0.428423
(21, 3) 0.954283 0.490673 0.431365
(21, 4) 0.953829 0.488399 0.432734
(21, 5) 0.953119 0.486633 0.433929
(21, 6) 0.951306 0.485508 0.436041
(21, 7) 0.949181 0.486674 0.437588
(21, 8) 0.948415 0.489349 0.437016
(21, 9) 0.947364 0.491467 0.436680
(21, 10) 0.945977 0.492389 0.438566
(21, 11) 0.944103 0.493999 0.440169
(21, 12) 0.944025 0.492829 0.443350
(21, 13) 0.944158 0.491807 0.445178
(21, 14) 0.942225 0.492664 0.446938
(21, 15) 0.940616 0.494366 0.448573
(21, 16) 0.936579 0.495727 0.450127
(21, 17) 0.936005 0.499326 0.450800
(21, 18) 0.935088 0.499496 0.454001
(21, 19) 0.933743 0.500644 0.456897
(21, 20) 0.930948 0.504991 0.459277
(21, 21) 0.923422 0.511569 0.463129
(21, 22) 0.919379 0.521822 0.465647
(21, 23) 0.915329 0.521351 0.474948
(21, 24) 0.914540 0.521142 0.481850
(21, 25) 0.915086 0.523094 0.485836
(21, 26) 0.911460 0.524631 0.488866
(21, 27) 0.756075 0.584453 0.487357
(21, 28) 0.588318 0.641922 0.497024
(21, 29) 0.585804 0.619627 0.511074
(21, 30) 0.586901 0.603791 0.533885
(21, 31) 0.560500 0.600224 0.556037
(21, 32) 0.534540 0.609789 0.581419
(21, 33) 0.520545 0.619186 0.591162
(21, 34) 0.530003 0.640299 0.571925
(21, 35) 0.493019 0.649663 0.551658
(21, 36) 0.497187 0.664511 0.549179
(21, 37) 0.466406 0.663095 0.594498
(21, 38) 0.435590 0.667351 0.653756
(21, 39) 0.394666 0.674395 0.675623
(22, 0) 0.961199 0.503468 0.425399
(22, 1) 0.959972 0.500190 0.426628
(22, 2) 0.958461 0.495239 0.430165
(22, 3) 0.956626 0.491607 0.431952
(22, 4) 0.955422 0.488543 0.433024
(22, 5) 0.956116 0.486871 0.434511
(22, 6) 0.953587 0.486235 0.436559
(22, 7) 0.951006 0.488410 0.437938
(22, 8) 0.950042 0.490667 0.437526
(22, 9) 0.949660 0.492800 0.437129
(22, 10) 0.947572 0.495904 0.437547
(22, 11) 0.944623 0.498763 0.440319
(22, 12) 0.945624 0.495740 0.442591
(22, 13) 0.946655 0.492720 0.444438
(22, 14) 0.945685 0.493183 0.446281
(22, 15) 0.943850 0.494744 0.448966
(22, 16) 0.941948 0.498458 0.448547
(22, 17) 0.940686 0.501351 0.450646
(22, 18) 0.939234 0.500237 0.453922
(22, 19) 0.938324 0.502373 0.455610
(22, 20) 0.936881 0.506617 0.455881
(22, 21) 0.933847 0.516370 0.455025
(22, 22) 0.928560 0.526656 0.461307
(22, 23) 0.924243 0.523514 0.470608
(22, 24) 0.920603 0.522977 0.481320
(22, 25) 0.921382 0.523925 0.484446
(22, 26) 0.918039 0.527565 0.489679
(22, 27) 0.922929 0.532994 0.494379
(22, 28) 0.740264 0.596931 0.499397
(22, 29) 0.585654 0.628278 0.524887
(22, 30) 0.588199 0.614997 0.552442
(22, 31) 0.561998 0.619231 0.585344
(22, 32) 0.535177 0.626133 0.599281
(22, 33) 0.528508 0.638059 0.601701
(22, 34) 0.536489 0.650435 0.585199
(22, 35) 0.536581 0.664249 0.560209
(22, 36) 0.526314 0.678558 0.559469
(22, 37) 0.515049 0.694058 0.592875
(22, 38) 0.516389 0.681713 0.608030
(22, 39) 0.483781 0.672601 0.648242
(23, 0) 0.958091 0.505362 0.428181
(23, 1) 0.956903 0.501245 0.430253
(23, 2) 0.957132 0.496474 0.432497
(23, 3) 0.956827 0.493409 0.433428
(23, 4) 0.957489 0.489733 0.434441
(23, 5) 0.958180 0.487662 0.434956
(23, 6) 0.956347 0.488284 0.436694
(23, 7) 0.952661 0.489501 0.438517
(23, 8) 0.951501 0.492082 0.438973
(23, 9) 0.950634 0.494122 0.438345
(23, 10) 0.950591 0.496699 0.440031
(23, 11) 0.948520 0.498824 0.441708
(23, 12) 0.948872 0.496073 0.443402
(23, 13) 0.949371 0.493687 0.444272
(23, 14) 0.948254 0.493996 0.446922
(23, 15) 0.946957 0.496139 0.448652
(23, 16) 0.945786 0.499995 0.449021
(23, 17) 0.944506 0.501947 0.450126
(23, 18) 0.942945 0.501399 0.452534
(23, 19) 0.941904 0.503309 0.453919
(23, 20) 0.940445 0.509043 0.451962
(23, 21) 0.939248 0.518224 0.448436
(23, 22) 0.935721 0.523750 0.456387
(23, 23) 0.933848 0.520506 0.464659
(23, 24) 0.931120 0.519209 0.475004
(23, 25) 0.927552 0.523337 0.481360
(23, 26) 0.929157 0.528078 0.485263
(23, 27) 0.930422 0.530880 0.489568
(23, 28) 0.931340 0.532470 0.487599
(23, 29) 0.739854 0.589163 0.523017
(23, 30) 0.589891 0.622402 0.572053
(23, 31) 0.589310 0.627609 0.580124
(23, 32) 0.556203 0.635903 0.599186
(23, 33) 0.537125 0.648144 0.602276
(23, 34) 0.555441 0.668903 0.585174
(23, 35) 0.550624 0.688312 0.568568
(23, 36) 0.528277 0.700130 0.581728
(23, 37) 0.527870 0.714166 0.613248
(23, 38) 0.525367 0.686684 0.624061
(23, 39) 0.529264 0.672237 0.639431
(24, 0) 0.953897 0.507998 0.431846
(24, 1) 0.952757 0.503780 0.432579
(24, 2) 0.954902 0.497893 0.434351
(24, 3) 0.955488 0.494333 0.435404
(24, 4) 0.956788 0.492158 0.436010
(24, 5) 0.957496 0.489222 0.436516
(24, 6) 0.956456 0.489242 0.438772
(24, 7) 0.954216 0.490459 0.440607
(24, 8) 0.953118 0.492731 0.440629
(24, 9) 0.953244 0.494942 0.439639
(24, 10) 0.952875 0.497784 0.440508
(24, 11) 0.952572 0.499346 0.442798
(24, 12) 0.952109 0.496377 0.444104
(24, 13) 0.951910 0.493957 0.445269
(24, 14) 0.950811 0.494078 0.447656
(24, 15) 0.949628 0.496324 0.449180
(24, 16) 0.948864 0.499309 0.450087
(24, 17) 0.948297 0.501168 0.451302
(24, 18) 0.946267 0.501182 0.453850
(24, 19) 0.946252 0.503205 0.455729
(24, 20) 0.945305 0.506568 0.455204
(24, 21) 0.943685 0.511233 0.452994
(24, 22) 0.942037 0.515373 0.460704
(24, 23) 0.936973 0.512366 0.467055
(24, 24) 0.937895 0.512767 0.470505
(24, 25) 0.935879 0.517919 0.474740
(24, 26) 0.939262 0.523939 0.479100
(24, 27) 0.937795 0.528219 0.484098
(24, 28) 0.937803 0.531630 0.480509
(24, 29) 0.940485 0.536866 0.474850
(24, 30) 0.766202 0.584072 0.528126
(24, 31) 0.603820 0.636276 0.582792
(24, 32) 0.598519 0.645161 0.587449
(24, 33) 0.574479 0.662992 0.591178
(24, 34) 0.583632 0.682335 0.592691
(24, 35) 0.580346 0.704172 0.582199
(24, 36) 0.552552 0.720710 0.609157
(24, 37) 0.539006 0.723515 0.633267
(24, 38) 0.537859 0.710594 0.645613
(24, 39) 0.524914 0.677973 0.652492
(25, 0) 0.955776 0.508024 0.434088
(25, 1) 0.956023 0.505012 0.435165
(25, 2) 0.958440 0.498613 0.435431
(25, 3) 0.957957 0.494945 0.436122
(25, 4) 0.958206 0.493143 0.436849
(25, 5) 0.958486 0.491561 0.438419
(25, 6) 0.956545 0.490317 0.440712
(25, 7) 0.955211 0.491117 0.442213
(25, 8) 0.954936 0.493114 0.441777
(25, 9) 0.955392 0.495172 0.440372
(25, 10) 0.955237 0.497338 0.440781
(25, 11) 0.954961 0.498688 0.442921
(25, 12) 0.955091 0.496886 0.444546
(25, 13) 0.955349 0.494751 0.446385
(25, 14) 0.954143 0.495291 0.447746
(25, 15) 0.952925 0.497898 0.448226
(25, 16) 0.951860 0.499638 0.450547
(25, 17) 0.951601 0.500845 0.452344
(25, 18) 0.951212 0.502148 0.453408
(25, 19) 0.949828 0.504562 0.457059
(25, 20) 0.948916 0.505586 0.458062
(25, 21) 0.949153 0.508037 0.459866
(25, 22) 0.947038 0.510061 0.462509
(25, 23) 0.944123 0.511045 0.464666
(25, 24) 0.944331 0.513168 0.468639
(25, 25) 0.946051 0.517365 0.472185
(25, 26) 0.945617 0.522578 0.475669
(25, 27) 0.945121 0.525438 0.479067
(25, 28) 0.945702 0.532124 0.477239
(25, 29) 0.943785 0.537776 0.478854
(25, 30) 0.943504 0.537982 0.483101
(25, 31) 0.869777 0.560155 0.507684
(25, 32) 0.773420 0.594946 0.543605
(25, 33) 0.702010 0.626678 0.575772
(25, 34) 0.589574 0.677360 0.612948
(25, 35) 0.588461 0.692619 0.619210
(25, 36) 0.577248 0.706074 0.643591
(25, 37) 0.555462 0.720466 0.655169
(25, 38) 0.542448 0.718598 0.666194
(25, 39) 0.521396 0.704150 0.692896
(26, 0) 0.962531 0.504413 0.432865
(26, 1) 0.961669 0.500387 0.434267
(26, 2) 0.961480 0.497239 0.435366
(26, 3) 0.960584 0.495652 0.436161
(26, 4) 0.959618 0.493553 0.437507
(26, 5) 0.959881 0.492065 0.439047
(26, 6) 0.959175 0.490898 0.440718
(26, 7) 0.957151 0.491567 0.442867
(26, 8) 0.957317 0.493989 0.443133
(26, 9) 0.957167 0.494995 0.440983
(26, 10) 0.956839 0.496818 0.440556
(26, 11) 0.956904 0.498119 0.443381
(26, 12) 0.957436 0.496777 0.445906
(26, 13) 0.957700 0.495773 0.447730
(26, 14) 0.956594 0.497476 0.447992
(26, 15) 0.954940 0.499513 0.447961
(26, 16) 0.954579 0.500525 0.450507
(26, 17) 0.953436 0.501904 0.452574
(26, 18) 0.953526 0.504799 0.453312
(26, 19) 0.952597 0.505680 0.455375
(26, 20) 0.952583 0.507120 0.458115
(26, 21) 0.953102 0.508474 0.459541
(26, 22) 0.951247 0.510476 0.461099
(26, 23) 0.950337 0.512720 0.464646
(26, 24) 0.951160 0.513890 0.468082
(26, 25) 0.951014 0.516196 0.471229
(26, 26) 0.950877 0.520126 0.474145
(26, 27) 0.951311 0.525086 0.474983
(26, 28) 0.950354 0.531849 0.475677
(26, 29) 0.950568 0.537929 0.479260
(26, 30) 0.947488 0.538847 0.484569
(26, 31) 0.947434 0.537973 0.488445
(26, 32) 0.942848 0.537279 0.493067
(26, 33) 0.937269 0.540390 0.498587
(26, 34) 0.691887 0.637368 0.591069
(26, 35) 0.595967 0.705266 0.642529
(26, 36) 0.587883 0.712928 0.664016
(26, 37) 0.571918 0.722677 0.675146
(26, 38) 0.541209 0.730777 0.696937
(26, 39) 0.521518 0.724953 0.719684
(27, 0) 0.965585 0.500566 0.430488
(27, 1) 0.964751 0.498417 0.431864
(27, 2) 0.962736 0.495703 0.434221
(27, 3) 0.961619 0.493180 0.435636
(27, 4) 0.961305 0.492083 0.437432
(27, 5) 0.961528 0.491254 0.439638
(27, 6) 0.961552 0.490856 0.441535
(27, 7) 0.960976 0.492773 0.443744
(27, 8) 0.959653 0.494452 0.443480
(27, 9) 0.960211 0.495325 0.441215
(27, 10) 0.959411 0.496858 0.440489
(27, 11) 0.959148 0.498483 0.442550
(27, 12) 0.959106 0.497654 0.445405
(27, 13) 0.958994 0.497540 0.447384
(27, 14) 0.957277 0.499597 0.447755
(27, 15) 0.956111 0.500925 0.448762
(27, 16) 0.956758 0.500653 0.451569
(27, 17) 0.956798 0.501647 0.453841
(27, 18) 0.956488 0.504390 0.453777
(27, 19) 0.956004 0.506395 0.456808
(27, 20) 0.956336 0.507425 0.459403
(27, 21) 0.955732 0.509401 0.459572
(27, 22) 0.955401 0.511692 0.460446
(27, 23) 0.955052 0.513918 0.463083
(27, 24) 0.954626 0.513500 0.466456
(27, 25) 0.956251 0.516018 0.469516
(27, 26) 0.955269 0.520398 0.471910
(27, 27) 0.955216 0.523080 0.473142
(27, 28) 0.954596 0.529276 0.475670
(27, 29) 0.952934 0.533143 0.480779
(27, 30) 0.950786 0.534417 0.484661
(27, 31) 0.946610 0.534620 0.490423
(27, 32) 0.941544 0.533822 0.497369
(27, 33) 0.940275 0.537992 0.498924
(27, 34) 0.858333 0.588281 0.535568
(27, 35) 0.597618 0.720244 0.648245
(27, 36) 0.593083 0.738053 0.655791
(27, 37) 0.590449 0.738189 0.680164
(27, 38) 0.565524 0.748243 0.697701
(27, 39) 0.549416 0.746018 0.733514
(28, 0) 0.963856 0.495748 0.429477
(28, 1) 0.963814 0.494742 0.431490
(28, 2) 0.962814 0.492551 0.433647
(28, 3) 0.962367 0.491073 0.435172
(28, 4) 0.962922 0.490739 0.436796
(28, 5) 0.963928 0.491160 0.439103
(28, 6) 0.963377 0.491675 0.441826
(28, 7) 0.963504 0.493419 0.443549
(28, 8) 0.962111 0.495110 0.442679
(28, 9) 0.962219 0.496076 0.440518
(28, 10) 0.961487 0.498038 0.440006
(28, 11) 0.960563 0.499852 0.441464
(28, 12) 0.960368 0.500122 0.444220
(28, 13) 0.959319 0.500465 0.446312
(28, 14) 0.957592 0.503307 0.446832
(28, 15) 0.957085 0.503182 0.449190
(28, 16) 0.958437 0.501993 0.451775
(28, 17) 0.959440 0.502836 0.454327
(28, 18) 0.959311 0.505114 0.454336
(28, 19) 0.959922 0.506443 0.456532
(28, 20) 0.959463 0.507300 0.459324
(28, 21) 0.959552 0.509632 0.460020
(28, 22) 0.958573 0.513036 0.460889
(28, 23) 0.958617 0.514760 0.462419
(28, 24) 0.959078 0.515177 0.465989
(28, 25) 0.960504 0.517246 0.469163
(28, 26) 0.958863 0.520741 0.469854
(28, 27) 0.958842 0.524343 0.472980
(28, 28) 0.957119 0.526236 0.477263
(28, 29) 0.954795 0.528725 0.480980
(28, 30) 0.953229 0.530039 0.485204
(28, 31) 0.949856 0.531527 0.488499
(28, 32) 0.948164 0.535556 0.494486
(28, 33) 0.946705 0.543353 0.499563
(28, 34) 0.948480 0.547246 0.500429
(28, 35) 0.817125 0.628136 0.552597
(28, 36) 0.596719 0.770025 0.641822
(28, 37) 0.595933 0.764843 0.668571
(28, 38) 0.587320 0.768263 0.703364
(28, 39) 0.576095 0.760378 0.725851
(29, 0) 0.962026 0.491336 0.428969
(29, 1) 0.962816 0.491681 0.430375
(29, 2) 0.964144 0.491039 0.433228
(29, 3) 0.964314 0.491351 0.434614
(29, 4) 0.965816 0.491687 0.437006
(29, 5) 0.966478 0.491867 0.438427
(29, 6) 0.966045 0.492377 0.441191
(29, 7) 0.965490 0.494009 0.443469
(29, 8) 0.964574 0.495305 0.442830
(29, 9) 0.964037 0.496543 0.441129
(29, 10) 0.963308 0.498601 0.441333
(29, 11) 0.962292 0.500350 0.442420
(29, 12) 0.961856 0.501103 0.444533
(29, 13) 0.960421 0.502637 0.445950
(29, 14) 0.958945 0.504894 0.447201
(29, 15) 0.958905 0.504663 0.449428
(29, 16) 0.960381 0.502978 0.452009
(29, 17) 0.961606 0.503808 0.453769
(29, 18) 0.961033 0.506203 0.453948
(29, 19) 0.962027 0.507668 0.455463
(29, 20) 0.962379 0.508388 0.458276
(29, 21) 0.962759 0.509226 0.459854
(29, 22) 0.963634 0.510900 0.462068
(29, 23) 0.962150 0.514397 0.462572
(29, 24) 0.962284 0.515260 0.464720
(29, 25) 0.960932 0.520377 0.465836
(29, 26) 0.958237 0.524505 0.467078
(29, 27) 0.960434 0.526497 0.471301
(29, 28) 0.959727 0.528153 0.478039
(29, 29) 0.958098 0.529711 0.482749
(29, 30) 0.955846 0.531438 0.486286
(29, 31) 0.954574 0.534864 0.490506
(29, 32) 0.954429 0.538972 0.494425
(29, 33) 0.952959 0.542537 0.497241
(29, 34) 0.953068 0.547673 0.502780
(29, 35) 0.954566 0.550511 0.507679
(29, 36) 0.820060 0.635887 0.551557
(29, 37) 0.729571 0.828122 0.748659
(29, 38) 0.896541 0.926918 0.913682
(29, 39) 0.737386 0.848104 0.839846
(30, 0) 0.962172 0.489012 0.430177
(30, 1) 0.963842 0.488697 0.432144
(30, 2) 0.965695 0.491208 0.432932
(30, 3) 0.966773 0.493361 0.434241
(30, 4) 0.967425 0.494658 0.435754
(30, 5) 0.967735 0.494927 0.438028
(30, 6) 0.968122 0.494447 0.439978
(30, 7) 0.967213 0.494080 0.442632
(30, 8) 0.967227 0.495856 0.442568
(30, 9) 0.965440 0.497326 0.442236
(30, 10) 0.964414 0.498516 0.442771
(30, 11) 0.963541 0.498850 0.443955
(30, 12) 0.962573 0.499416 0.445714
(30, 13) 0.961585 0.500680 0.447739
(30, 14) 0.960453 0.503830 0.448293
(30, 15) 0.961364 0.504303 0.450481
(30, 16) 0.962588 0.503341 0.452542
(30, 17) 0.964409 0.504194 0.454249
(30, 18) 0.963823 0.506697 0.454106
(30, 19) 0.964764 0.509057 0.455034
(30, 20) 0.964892 0.509161 0.457448
(30, 21) 0.966034 0.510157 0.460488
(30, 22) 0.967047 0.511426 0.462116
(30, 23) 0.966219 0.513729 0.462477
(30, 24) 0.965512 0.519056 0.463111
(30, 25) 0.963695 0.522179 0.464173
(30, 26) 0.963585 0.523538 0.466976
(30, 27) 0.965073 0.527417 0.474084
(30, 28) 0.964066 0.528347 0.478650
(30, 29) 0.962045 0.530233 0.481280
(30, 30) 0.961166 0.532880 0.484989
(30, 31) 0.959693 0.537258 0.490813
(30, 32) 0.957946 0.540074 0.494024
(30, 33) 0.956041 0.542890 0.497590
(30, 34) 0.955896 0.544473 0.501874
(30, 35) 0.956725 0.547298 0.505363
(30, 36) 0.958905 0.638376 0.606484
(30, 37) 0.970308 0.908751 0.905940
(30, 38) 0.967528 0.962917 0.967197
(30, 39) 0.956423 0.960091 0.969615
(31, 0) 0.963437 0.486162 0.430353
(31, 1) 0.965387 0.488263 0.431270
(31, 2) 0.967283 0.492070 0.431163
(31, 3) 0.967904 0.494607 0.433410
(31, 4) 0.968729 0.496841 0.436073
(31, 5) 0.969099 0.497230 0.437680
(31, 6) 0.969834 0.495999 0.438686
(31, 7) 0.969864 0.495463 0.441019
(31, 8) 0.969889 0.496310 0.442531
(31, 9) 0.968865 0.497394 0.443356
(31, 10) 0.965134 0.498448 0.444391
(31, 11) 0.963992 0.497889 0.445258
(31, 12) 0.963303 0.498036 0.446903
(31, 13) 0.962864 0.498873 0.448478
(31, 14) 0.963173 0.502091 0.449776
(31, 15) 0.963493 0.504258 0.450841
(31, 16) 0.964793 0.503801 0.452522
(31, 17) 0.966667 0.504489 0.453700
(31, 18) 0.966920 0.506718 0.452950
(31, 19) 0.967329 0.508709 0.453496
(31, 20) 0.967954 0.508856 0.456104
(31, 21) 0.968986 0.510341 0.458598
(31, 22) 0.968401 0.512400 0.459914
(31, 23) 0.968672 0.516447 0.459640
(31, 24) 0.969385 0.519419 0.461151
(31, 25) 0.967419 0.521022 0.464709
(31, 26) 0.968729 0.521359 0.468882
(31, 27) 0.968351 0.523614 0.472601
(31, 28) 0.967718 0.526707 0.477039
(31, 29) 0.966367 0.529973 0.480676
(31, 30) 0.969637 0.535229 0.484572
(31, 31) 0.965071 0.537745 0.488739
(31, 32) 0.962748 0.540639 0.490585
(31, 33) 0.958795 0.542992 0.493041
(31, 34) 0.957604 0.546874 0.498825
(31, 35) 0.958816 0.548463 0.504250
(31, 36) 0.965421 0.712930 0.687254
(31, 37) 0.969445 0.863032 0.856710
(31, 38) 0.959762 0.896644 0.896211
(31, 39) 0.937179 0.949137 0.964712
(32, 0) 0.965326 0.484974 0.428179
(32, 1) 0.966892 0.488539 0.428421
(32, 2) 0.967987 0.492626 0.429007
(32, 3) 0.970275 0.495058 0.431143
(32, 4) 0.971409 0.497525 0.435150
(32, 5) 0.971429 0.497565 0.437309
(32, 6) 0.972238 0.496329 0.438252
(32, 7) 0.973495 0.495533 0.440268
(32, 8) 0.972414 0.497067 0.443314
(32, 9) 0.970819 0.497610 0.444767
(32, 10) 0.968419 0.498348 0.444891
(32, 11) 0.965549 0.498879 0.445221
(32, 12) 0.964467 0.499146 0.446793
(32, 13) 0.964618 0.500254 0.448657
(32, 14) 0.965199 0.501754 0.449558
(32, 15) 0.964885 0.503027 0.450463
(32, 16) 0.967723 0.503818 0.452861
(32, 17) 0.968487 0.505323 0.452559
(32, 18) 0.968994 0.506909 0.451828
(32, 19) 0.969361 0.508548 0.452528
(32, 20) 0.970573 0.508731 0.454845
(32, 21) 0.970939 0.510150 0.456917
(32, 22) 0.970505 0.513129 0.457198
(32, 23) 0.970886 0.516477 0.458159
(32, 24) 0.971731 0.517867 0.460897
(32, 25) 0.971990 0.519543 0.464642
(32, 26) 0.971633 0.520691 0.468237
(32, 27) 0.972643 0.522483 0.471467
(32, 28) 0.973070 0.525027 0.475375
(32, 29) 0.973996 0.531781 0.480495
(32, 30) 0.973342 0.535794 0.483130
(32, 31) 0.969365 0.537730 0.484735
(32, 32) 0.963785 0.541802 0.486154
(32, 33) 0.959635 0.546196 0.488702
(32, 34) 0.959337 0.550748 0.493875
(32, 35) 0.960802 0.552179 0.501861
(32, 36) 0.961425 0.557453 0.508105
(32, 37) 0.960288 0.758333 0.739557
(32, 38) 0.942992 0.845330 0.840519
(32, 39) 0.942978 0.886104 0.863302
(33, 0) 0.967465 0.484048 0.425318
(33, 1) 0.969435 0.488297 0.425966
(33, 2) 0.970183 0.492561 0.428590
(33, 3) 0.972778 0.493591 0.430442
(33, 4) 0.974296 0.495462 0.432733
(33, 5) 0.974499 0.496463 0.435961
(33, 6) 0.975103 0.495882 0.438552
(33, 7) 0.975201 0.496882 0.441597
(33, 8) 0.974440 0.497884 0.443275
(33, 9) 0.972441 0.499031 0.443315
(33, 10) 0.968525 0.500289 0.443327
(33, 11) 0.966694 0.500548 0.444378
(33, 12) 0.965592 0.500459 0.446345
(33, 13) 0.965857 0.500284 0.448545
(33, 14) 0.966530 0.500497 0.449730
(33, 15) 0.967607 0.501672 0.452116
(33, 16) 0.969777 0.502803 0.453417
(33, 17) 0.970064 0.504897 0.452583
(33, 18) 0.970976 0.507338 0.451102
(33, 19) 0.971482 0.509666 0.451882
(33, 20) 0.972886 0.509657 0.454352
(33, 21) 0.973497 0.510210 0.456639
(33, 22) 0.973292 0.512312 0.456703
(33, 23) 0.973446 0.515125 0.458067
(33, 24) 0.973782 0.516014 0.461174
(33, 25) 0.974132 0.517625 0.463826
(33, 26) 0.975440 0.520831 0.467294
(33, 27) 0.976320 0.521867 0.470054
(33, 28) 0.977176 0.525207 0.473330
(33, 29) 0.977086 0.529835 0.475890
(33, 30) 0.974264 0.534956 0.480009
(33, 31) 0.968031 0.537854 0.479117
(33, 32) 0.961576 0.543219 0.480547
(33, 33) 0.960735 0.547281 0.487518
(33, 34) 0.962420 0.549218 0.494544
(33, 35) 0.962903 0.548682 0.498803
(33, 36) 0.963671 0.552153 0.504580
(33, 37) 0.965483 0.551814 0.508239
(33, 38) 0.954828 0.726403 0.684268
(33, 39) 0.974846 0.944873 0.702575
(34, 0) 0.967807 0.486114 0.420656
(34, 1) 0.970433 0.488617 0.421225
(34, 2) 0.972971 0.491629 0.425885
(34, 3) 0.975058 0.492408 0.429092
(34, 4) 0.976786 0.493573 0.431629
(34, 5) 0.977581 0.494935 0.435113
(34, 6) 0.977480 0.496955 0.437566
(34, 7) 0.976079 0.498380 0.440284
(34, 8) 0.974132 0.499888 0.441326
(34, 9) 0.971631 0.500910 0.440480
(34, 10) 0.969415 0.501959 0.441568
(34, 11) 0.967331 0.501917 0.443708
(34, 12) 0.966238 0.501888 0.446070
(34, 13) 0.967357 0.500510 0.447969
(34, 14) 0.969130 0.500399 0.448501
(34, 15) 0.969773 0.500309 0.450523
(34, 16) 0.971538 0.502343 0.452191
(34, 17) 0.972197 0.505365 0.451351
(34, 18) 0.973396 0.507595 0.451097
(34, 19) 0.973913 0.509314 0.451283
(34, 20) 0.975648 0.509503 0.453443
(34, 21) 0.976482 0.509562 0.455516
(34, 22) 0.976418 0.512122 0.455712
(34, 23) 0.976431 0.514922 0.456331
(34, 24) 0.975910 0.515789 0.459981
(34, 25) 0.977675 0.517871 0.463278
(34, 26) 0.977775 0.520232 0.465481
(34, 27) 0.978303 0.521814 0.467739
(34, 28) 0.978015 0.525409 0.468589
(34, 29) 0.976170 0.529771 0.471024
(34, 30) 0.970451 0.534282 0.471732
(34, 31) 0.962060 0.540647 0.473582
(34, 32) 0.959655 0.545680 0.475760
(34, 33) 0.961386 0.548246 0.484121
(34, 34) 0.966640 0.547549 0.491340
(34, 35) 0.966574 0.547290 0.496733
(34, 36) 0.967965 0.550000 0.502128
(34, 37) 0.967027 0.553641 0.508273
(34, 38) 0.966209 0.557733 0.511506
(34, 39) 0.967636 0.624348 0.541252
(35, 0) 0.964685 0.491485 0.417093
(35, 1) 0.968950 0.492017 0.419065
(35, 2) 0.973653 0.493439 0.422434
(35, 3) 0.976674 0.493183 0.426395
(35, 4) 0.979182 0.494192 0.429357
(35, 5) 0.979282 0.497045 0.433952
(35, 6) 0.978757 0.499918 0.436881
(35, 7) 0.976099 0.501401 0.437856
(35, 8) 0.973210 0.502334 0.438253
(35, 9) 0.970716 0.502688 0.438694
(35, 10) 0.968378 0.503460 0.439817
(35, 11) 0.966104 0.503628 0.443431
(35, 12) 0.965825 0.503201 0.446235
(35, 13) 0.968178 0.502626 0.446815
(35, 14) 0.970520 0.501226 0.447133
(35, 15) 0.972245 0.501288 0.448367
(35, 16) 0.973691 0.502418 0.449778
(35, 17) 0.975253 0.504528 0.450437
(35, 18) 0.975744 0.506830 0.450934
(35, 19) 0.976734 0.508326 0.450557
(35, 20) 0.978173 0.509253 0.451451
(35, 21) 0.979697 0.508976 0.453629
(35, 22) 0.979323 0.511795 0.454301
(35, 23) 0.979251 0.514447 0.455355
(35, 24) 0.979689 0.515098 0.458955
(35, 25) 0.979698 0.517024 0.462400
(35, 26) 0.980212 0.519250 0.464064
(35, 27) 0.978960 0.522847 0.464356
(35, 28) 0.975726 0.526193 0.464382
(35, 29) 0.971065 0.529316 0.462774
(35, 30) 0.966777 0.534163 0.464861
(35, 31) 0.964025 0.541317 0.468036
(35, 32) 0.962828 0.546370 0.472267
(35, 33) 0.967763 0.547623 0.481041
(35, 34) 0.971379 0.546233 0.490063
(35, 35) 0.971124 0.546544 0.494006
(35, 36) 0.972080 0.549405 0.499249
(35, 37) 0.970939 0.554622 0.504678
(35, 38) 0.968836 0.558147 0.509823
(35, 39) 0.969350 0.560638 0.512381
(36, 0) 0.963252 0.496408 0.415777
(36, 1) 0.966100 0.497539 0.417460
(36, 2) 0.970406 0.498212 0.421676
(36, 3) 0.974556 0.497089 0.424496
(36, 4) 0.976774 0.499209 0.428670
(36, 5) 0.979534 0.500436 0.432473
(36, 6) 0.979426 0.501937 0.434927
(36, 7) 0.974829 0.505767 0.434174
(36, 8) 0.971247 0.505340 0.435221
(36, 9) 0.968260 0.505614 0.437018
(36, 10) 0.965910 0.505312 0.440205
(36, 11) 0.963780 0.505700 0.442590
(36, 12) 0.965338 0.504954 0.445603
(36, 13) 0.968548 0.505112 0.446610
(36, 14) 0.971377 0.503433 0.446901
(36, 15) 0.973476 0.502003 0.446736
(36, 16) 0.975348 0.502483 0.447506
(36, 17) 0.977436 0.504039 0.448887
(36, 18) 0.978470 0.505607 0.449579
(36, 19) 0.978855 0.507643 0.448119
(36, 20) 0.979780 0.509184 0.447945
(36, 21) 0.981544 0.508906 0.449900
(36, 22) 0.981501 0.511367 0.451870
(36, 23) 0.982042 0.514005 0.453674
(36, 24) 0.982678 0.514221 0.457225
(36, 25) 0.982966 0.516291 0.460624
(36, 26) 0.983027 0.519537 0.462785
(36, 27) 0.981942 0.521792 0.460810
(36, 28) 0.974713 0.526226 0.459359
(36, 29) 0.969441 0.530077 0.456063
(36, 30) 0.969787 0.534239 0.458583
(36, 31) 0.969819 0.542884 0.466113
(36, 32) 0.970269 0.546838 0.471133
(36, 33) 0.973573 0.548895 0.478527
(36, 34) 0.973608 0.550014 0.485352
(36, 35) 0.973598 0.550169 0.493140
(36, 36) 0.975389 0.552584 0.498313
(36, 37) 0.974973 0.554458 0.503007
(36, 38) 0.972349 0.559623 0.510083
(36, 39) 0.972705 0.562736 0.515826
(37, 0) 0.963645 0.498574 0.414193
(37, 1) 0.965886 0.500431 0.416449
(37, 2) 0.970083 0.501408 0.419757
(37, 3) 0.973916 0.502223 0.423527
(37, 4) 0.974958 0.503323 0.426627
(37, 5) 0.977056 0.503129 0.429310
(37, 6) 0.978323 0.508100 0.431259
(37, 7) 0.972786 0.511642 0.430556
(37, 8) 0.969287 0.509866 0.432479
(37, 9) 0.965051 0.510863 0.436579
(37, 10) 0.962162 0.511428 0.441199
(37, 11) 0.961244 0.507822 0.444265
(37, 12) 0.963472 0.508598 0.447431
(37, 13) 0.968391 0.507278 0.447375
(37, 14) 0.971752 0.505696 0.446679
(37, 15) 0.973647 0.503996 0.445290
(37, 16) 0.976021 0.502695 0.445060
(37, 17) 0.978104 0.503125 0.446620
(37, 18) 0.980122 0.504703 0.447352
(37, 19) 0.980464 0.506870 0.445952
(37, 20) 0.981616 0.508384 0.446158
(37, 21) 0.984225 0.507923 0.447438
(37, 22) 0.984358 0.510197 0.449389
(37, 23) 0.986855 0.511715 0.451798
(37, 24) 0.986637 0.512673 0.455388
(37, 25) 0.987404 0.515554 0.459065
(37, 26) 0.986329 0.519232 0.460691
(37, 27) 0.985009 0.522029 0.458868
(37, 28) 0.983458 0.528275 0.455367
(37, 29) 0.975018 0.531073 0.454237
(37, 30) 0.975971 0.534270 0.455769
(37, 31) 0.979814 0.538713 0.462633
(37, 32) 0.978964 0.545993 0.470886
(37, 33) 0.977890 0.553192 0.476282
(37, 34) 0.975721 0.554743 0.482553
(37, 35) 0.975813 0.557859 0.490055
(37, 36) 0.977561 0.555636 0.498525
(37, 37) 0.978206 0.557471 0.503661
(37, 38) 0.978594 0.560529 0.512572
(37, 39) 0.976485 0.564894 0.518533
(38, 0) 0.965295 0.496008 0.410512
(38, 1) 0.969470 0.496891 0.413278
(38, 2) 0.974448 0.500633 0.416873
(38, 3) 0.977405 0.502872 0.418749
(38, 4) 0.978030 0.504875 0.423135
(38, 5) 0.982581 0.508345 0.425840
(38, 6) 0.984075 0.513144 0.428715
(38, 7) 0.976350 0.513741 0.430802
(38, 8) 0.972163 0.516112 0.436101
(38, 9) 0.964761 0.517320 0.440512
(38, 10) 0.959173 0.519450 0.444737
(38, 11) 0.958463 0.514143 0.447708
(38, 12) 0.962200 0.511800 0.450576
(38, 13) 0.966022 0.510288 0.449225
(38, 14) 0.971660 0.508583 0.446439
(38, 15) 0.973581 0.506610 0.443107
(38, 16) 0.976393 0.504101 0.443235
(38, 17) 0.979309 0.502807 0.444892
(38, 18) 0.981258 0.503063 0.445003
(38, 19) 0.982650 0.504864 0.443502
(38, 20) 0.986353 0.506825 0.442214
(38, 21) 0.988359 0.508055 0.445112
(38, 22) 0.990931 0.511998 0.446067
(38, 23) 0.992292 0.511672 0.450307
(38, 24) 0.991548 0.512286 0.453882
(38, 25) 0.990862 0.514680 0.457084
(38, 26) 0.990530 0.518019 0.460112
(38, 27) 0.992097 0.524139 0.459467
(38, 28) 0.991653 0.529891 0.460154
(38, 29) 0.984994 0.529273 0.461258
(38, 30) 0.983800 0.530565 0.465594
(38, 31) 0.988260 0.535143 0.472553
(38, 32) 0.987847 0.540678 0.474235
(38, 33) 0.987064 0.547735 0.478441
(38, 34) 0.981690 0.551285 0.487450
(38, 35) 0.980249 0.553216 0.494213
(38, 36) 0.980701 0.555416 0.500107
(38, 37) 0.985898 0.557066 0.504699
(38, 38) 0.983549 0.561041 0.512677
(38, 39) 0.984427 0.567122 0.516224
(39, 0) 0.968732 0.493319 0.407744
(39, 1) 0.972431 0.493772 0.408627
(39, 2) 0.976835 0.498264 0.411743
(39, 3) 0.979859 0.502356 0.414850
(39, 4) 0.983187 0.505806 0.419321
(39, 5) 0.989085 0.508754 0.424018
(39, 6) 0.990229 0.511984 0.427211
(39, 7) 0.981111 0.516247 0.433889
(39, 8) 0.975292 0.519879 0.441187
(39, 9) 0.967452 0.521494 0.444559
(39, 10) 0.959773 0.521744 0.448700
(39, 11) 0.958102 0.517566 0.452197
(39, 12) 0.961134 0.514308 0.453252
(39, 13) 0.966872 0.513273 0.450852
(39, 14) 0.972906 0.511453 0.446083
(39, 15) 0.974334 0.509091 0.443089
(39, 16) 0.976466 0.506735 0.441578
(39, 17) 0.979724 0.503238 0.443147
(39, 18) 0.982827 0.501737 0.442809
(39, 19) 0.985493 0.502869 0.440338
(39, 20) 0.989603 0.504897 0.437766
(39, 21) 0.991856 0.509849 0.439692
(39, 22) 0.994448 0.516059 0.442210
(39, 23) 0.995912 0.515232 0.447028
(39, 24) 0.995043 0.514298 0.451796
(39, 25) 0.994175 0.516010 0.456885
(39, 26) 0.994497 0.519523 0.460803
(39, 27) 0.995855 0.522498 0.461991
(39, 28) 0.992202 0.526191 0.464293
(39, 29) 0.985878 0.525341 0.468276
(39, 30) 0.985650 0.526113 0.472580
(39, 31) 0.987475 0.529814 0.476437
(39, 32) 0.988579 0.536066 0.479030
(39, 33) 0.988379 0.541146 0.485323
(39, 34) 0.985515 0.544149 0.490039
(39, 35) 0.982606 0.546971 0.494850
(39, 36) 0.986371 0.552115 0.499746
(39, 37) 0.990519 0.555297 0.501861
(39, 38) 0.990575 0.562517 0.508035
(39, 39) 0.990618 0.571830 0.515619
