(0, 0) 0.011518 0.693708 0.498670
(0, 1) 0.011888 0.693686 0.498651
(0, 2) 0.012477 0.693659 0.498661
(0, 3) 0.012974 0.693602 0.498583
(0, 4) 0.013427 0.693594 0.498587
(0, 5) 0.013816 0.693572 0.498606
(0, 6) 0.014235 0.693563 0.498717
(0, 7) 0.014576 0.693518 0.498835
(0, 8) 0.015007 0.693467 0.498886
(0, 9) 0.015450 0.693362 0.498917
(0, 10) 0.015852 0.693296 0.498909
(0, 11) 0.016277 0.693374 0.498753
(0, 12) 0.016550 0.693440 0.498554
(0, 13) 0.016679 0.693445 0.498459
(0, 14) 0.016654 0.693230 0.498333
(0, 15) 0.016532 0.693049 0.498195
(0, 16) 0.016277 0.692866 0.498029
(0, 17) 0.014850 0.692411 0.497621
(0, 18) 0.013779 0.692216 0.497428
(0, 19) 0.012704 0.692131 0.497361
(0, 20) 0.011814 0.692253 0.497497
(0, 21) 0.011607 0.692673 0.497907
(0, 22) 0.011694 0.692966 0.498302
(0, 23) 0.012101 0.693004 0.498588
(0, 24) 0.012788 0.692886 0.498775
(0, 25) 0.013675 0.692952 0.498654
(0, 26) 0.014181 0.693135 0.498555
(0, 27) 0.014460 0.693321 0.498513
(0, 28) 0.014653 0.693440 0.498476
(0, 29) 0.014861 0.693489 0.498459
(0, 30) 0.015056 0.693507 0.498471
(0, 31) 0.015240 0.693583 0.498492
(0, 32) 0.015110 0.693848 0.498351
(0, 33) 0.014895 0.693924 0.498117
(0, 34) 0.014690 0.693912 0.497993
(0, 35) 0.014492 0.693905 0.497801
(0, 36) 0.014066 0.693937 0.497617
(0, 37) 0.013428 0.693951 0.497570
(0, 38) 0.012706 0.693926 0.497556
(0, 39) 0.012429 0.693865 0.497499
(1, 0) 0.011608 0.693821 0.498950
(1, 1) 0.012088 0.693807 0.498914
(1, 2) 0.012522 0.693786 0.498914
(1, 3) 0.013031 0.693728 0.498845
(1, 4) 0.013587 0.693735 0.498750
(1, 5) 0.014076 0.693764 0.498707
(1, 6) 0.014452 0.693752 0.498676
(1, 7) 0.014848 0.693688 0.498737
(1, 8) 0.015307 0.693642 0.498761
(1, 9) 0.015655 0.693543 0.498811
(1, 10) 0.016019 0.693485 0.498846
(1, 11) 0.016405 0.693504 0.498834
(1, 12) 0.016686 0.693470 0.498672
(1, 13) 0.016906 0.693450 0.498501
(1, 14) 0.016933 0.693252 0.498375
(1, 15) 0.016767 0.693020 0.498187
(1, 16) 0.016631 0.692818 0.498003
(1, 17) 0.015695 0.692507 0.497705
(1, 18) 0.014327 0.692193 0.497410
(1, 19) 0.013532 0.692120 0.497436
(1, 20) 0.012219 0.692246 0.497558
(1, 21) 0.012023 0.692660 0.497924
(1, 22) 0.012117 0.693016 0.498221
(1, 23) 0.012545 0.693080 0.498430
(1, 24) 0.013187 0.693058 0.498440
(1, 25) 0.013799 0.693068 0.498357
(1, 26) 0.014157 0.693155 0.498368
(1, 27) 0.014478 0.693220 0.498359
(1, 28) 0.014786 0.693268 0.498367
(1, 29) 0.015024 0.693362 0.498414
(1, 30) 0.015252 0.693453 0.498451
(1, 31) 0.015482 0.693524 0.498481
(1, 32) 0.015338 0.693780 0.498268
(1, 33) 0.015118 0.693920 0.497956
(1, 34) 0.014922 0.693908 0.497760
(1, 35) 0.014735 0.693880 0.497500
(1, 36) 0.014382 0.693893 0.497370
(1, 37) 0.013882 0.693888 0.497196
(1, 38) 0.013076 0.693857 0.497173
(1, 39) 0.012525 0.693725 0.497095
(2, 0) 0.011676 0.693972 0.499477
(2, 1) 0.012216 0.693905 0.499249
(2, 2) 0.012780 0.693859 0.499094
(2, 3) 0.013302 0.693846 0.499027
(2, 4) 0.013868 0.693849 0.498927
(2, 5) 0.014342 0.693891 0.498829
(2, 6) 0.014739 0.693884 0.498737
(2, 7) 0.015194 0.693839 0.498694
(2, 8) 0.015574 0.693798 0.498673
(2, 9) 0.015937 0.693743 0.498668
(2, 10) 0.016368 0.693698 0.498700
(2, 11) 0.016714 0.693620 0.498805
(2, 12) 0.017048 0.693517 0.498749
(2, 13) 0.017208 0.693466 0.498536
(2, 14) 0.017215 0.693231 0.498389
(2, 15) 0.017146 0.692978 0.498179
(2, 16) 0.016914 0.692759 0.497983
(2, 17) 0.016071 0.692391 0.497677
(2, 18) 0.014968 0.692098 0.497457
(2, 19) 0.014486 0.692067 0.497498
(2, 20) 0.013672 0.692290 0.497837
(2, 21) 0.012639 0.692682 0.498031
(2, 22) 0.012598 0.692913 0.498054
(2, 23) 0.013015 0.693006 0.498151
(2, 24) 0.013567 0.692943 0.498124
(2, 25) 0.013901 0.692978 0.498121
(2, 26) 0.014290 0.692993 0.498129
(2, 27) 0.014709 0.693067 0.498204
(2, 28) 0.014968 0.693116 0.498246
(2, 29) 0.015260 0.693166 0.498302
(2, 30) 0.015544 0.693356 0.498418
(2, 31) 0.015712 0.693491 0.498468
(2, 32) 0.015672 0.693718 0.498258
(2, 33) 0.015373 0.693912 0.497764
(2, 34) 0.015215 0.693898 0.497490
(2, 35) 0.015045 0.693879 0.497287
(2, 36) 0.014752 0.693878 0.497058
(2, 37) 0.014199 0.693851 0.496840
(2, 38) 0.013480 0.693704 0.496630
(2, 39) 0.012907 0.693527 0.496585
(3, 0) 0.011863 0.693919 0.499849
(3, 1) 0.012353 0.693923 0.499673
(3, 2) 0.013089 0.693916 0.499334
(3, 3) 0.013676 0.693933 0.499152
(3, 4) 0.014169 0.693950 0.499040
(3, 5) 0.014638 0.693960 0.498940
(3, 6) 0.015070 0.693941 0.498868
(3, 7) 0.015568 0.693907 0.498808
(3, 8) 0.015974 0.693885 0.498707
(3, 9) 0.016430 0.693850 0.498643
(3, 10) 0.016792 0.693821 0.498594
(3, 11) 0.017096 0.693735 0.498644
(3, 12) 0.017411 0.693560 0.498701
(3, 13) 0.017572 0.693485 0.498525
(3, 14) 0.017598 0.693223 0.498347
(3, 15) 0.017503 0.692964 0.498180
(3, 16) 0.017341 0.692742 0.497967
(3, 17) 0.017020 0.692367 0.497662
(3, 18) 0.015633 0.692132 0.497579
(3, 19) 0.015016 0.692198 0.497997
(3, 20) 0.014391 0.692472 0.498482
(3, 21) 0.013388 0.692514 0.498207
(3, 22) 0.012865 0.692414 0.497773
(3, 23) 0.013310 0.692658 0.497839
(3, 24) 0.013796 0.692603 0.497828
(3, 25) 0.014165 0.692656 0.497907
(3, 26) 0.014483 0.692782 0.497993
(3, 27) 0.014869 0.692847 0.498054
(3, 28) 0.015250 0.692993 0.498178
(3, 29) 0.015555 0.693072 0.498261
(3, 30) 0.015759 0.693241 0.498360
(3, 31) 0.015932 0.693470 0.498432
(3, 32) 0.016020 0.693752 0.498157
(3, 33) 0.015842 0.693886 0.497643
(3, 34) 0.015600 0.693898 0.497322
(3, 35) 0.015404 0.693860 0.497047
(3, 36) 0.015188 0.693893 0.496773
(3, 37) 0.014746 0.693734 0.496537
(3, 38) 0.013967 0.693586 0.496410
(3, 39) 0.013442 0.693330 0.496196
(4, 0) 0.012172 0.693837 0.500092
(4, 1) 0.012878 0.693828 0.499817
(4, 2) 0.013624 0.693890 0.499507
(4, 3) 0.014071 0.693925 0.499313
(4, 4) 0.014555 0.693944 0.499177
(4, 5) 0.014998 0.693965 0.499060
(4, 6) 0.015510 0.693962 0.498979
(4, 7) 0.015942 0.693931 0.498927
(4, 8) 0.016376 0.693939 0.498840
(4, 9) 0.016847 0.693916 0.498744
(4, 10) 0.017172 0.693890 0.498636
(4, 11) 0.017514 0.693800 0.498588
(4, 12) 0.017712 0.693600 0.498613
(4, 13) 0.017973 0.693477 0.498504
(4, 14) 0.018011 0.693267 0.498351
(4, 15) 0.018031 0.692978 0.498209
(4, 16) 0.018046 0.692609 0.497873
(4, 17) 0.018193 0.692267 0.497607
(4, 18) 0.017065 0.692136 0.497954
(4, 19) 0.016275 0.692188 0.498888
(4, 20) 0.015137 0.692325 0.498833
(4, 21) 0.013543 0.691192 0.498270
(4, 22) 0.012551 0.690626 0.496745
(4, 23) 0.013566 0.691610 0.497030
(4, 24) 0.014216 0.691929 0.497346
(4, 25) 0.014337 0.692257 0.497646
(4, 26) 0.014785 0.692466 0.497792
(4, 27) 0.015207 0.692702 0.497951
(4, 28) 0.015491 0.692810 0.498049
(4, 29) 0.015719 0.692949 0.498195
(4, 30) 0.016007 0.693173 0.498315
(4, 31) 0.016151 0.693513 0.498352
(4, 32) 0.016344 0.693788 0.498011
(4, 33) 0.016244 0.693890 0.497539
(4, 34) 0.016086 0.693932 0.497103
(4, 35) 0.015805 0.693848 0.496801
(4, 36) 0.015473 0.693795 0.496600
(4, 37) 0.015210 0.693700 0.496431
(4, 38) 0.014636 0.693456 0.496258
(4, 39) 0.014050 0.693107 0.495838
(5, 0) 0.013243 0.693779 0.500120
(5, 1) 0.013720 0.693821 0.499798
(5, 2) 0.014156 0.693847 0.499574
(5, 3) 0.014540 0.693876 0.499423
(5, 4) 0.014936 0.693891 0.499294
(5, 5) 0.015389 0.693922 0.499187
(5, 6) 0.015767 0.693939 0.499086
(5, 7) 0.016303 0.693945 0.498994
(5, 8) 0.016891 0.693967 0.498925
(5, 9) 0.017252 0.693959 0.498852
(5, 10) 0.017592 0.693915 0.498735
(5, 11) 0.017873 0.693854 0.498626
(5, 12) 0.018118 0.693630 0.498620
(5, 13) 0.018420 0.693466 0.498529
(5, 14) 0.018527 0.693233 0.498396
(5, 15) 0.018842 0.692931 0.498199
(5, 16) 0.018932 0.692559 0.497857
(5, 17) 0.019035 0.692193 0.497550
(5, 18) 0.018643 0.691967 0.498103
(5, 19) 0.017725 0.691982 0.499122
(5, 20) 0.015861 0.691126 0.499230
(5, 21) 0.013747 0.688578 0.497770
(5, 22) 0.013082 0.688758 0.495929
(5, 23) 0.014080 0.689791 0.495735
(5, 24) 0.014647 0.690874 0.496471
(5, 25) 0.014840 0.691653 0.497204
(5, 26) 0.015400 0.691987 0.497400
(5, 27) 0.015616 0.692345 0.497669
(5, 28) 0.015935 0.692589 0.497863
(5, 29) 0.016105 0.692788 0.498016
(5, 30) 0.016127 0.693056 0.498162
(5, 31) 0.016627 0.693592 0.498040
(5, 32) 0.016732 0.693904 0.497694
(5, 33) 0.016694 0.693966 0.497306
(5, 34) 0.016532 0.694022 0.496872
(5, 35) 0.016322 0.693904 0.496648
(5, 36) 0.015915 0.693849 0.496440
(5, 37) 0.015502 0.693635 0.496267
(5, 38) 0.015086 0.693289 0.495975
(5, 39) 0.014547 0.692992 0.495565
(6, 0) 0.014068 0.693841 0.500078
(6, 1) 0.014321 0.693830 0.499949
(6, 2) 0.014636 0.693822 0.499772
(6, 3) 0.014999 0.693850 0.499591
(6, 4) 0.015481 0.693881 0.499433
(6, 5) 0.015824 0.693889 0.499308
(6, 6) 0.016186 0.693910 0.499194
(6, 7) 0.016797 0.693921 0.499089
(6, 8) 0.017350 0.693959 0.498996
(6, 9) 0.017723 0.693973 0.498928
(6, 10) 0.018037 0.693932 0.498796
(6, 11) 0.018339 0.693844 0.498649
(6, 12) 0.018721 0.693621 0.498598
(6, 13) 0.018987 0.693453 0.498529
(6, 14) 0.019236 0.693195 0.498332
(6, 15) 0.019398 0.692947 0.498187
(6, 16) 0.019684 0.692633 0.497868
(6, 17) 0.019856 0.692186 0.497546
(6, 18) 0.020001 0.692023 0.497901
(6, 19) 0.019242 0.691921 0.498940
(6, 20) 0.017984 0.690142 0.498498
(6, 21) 0.014805 0.687561 0.496513
(6, 22) 0.014241 0.687598 0.494683
(6, 23) 0.014707 0.688804 0.494988
(6, 24) 0.015188 0.690016 0.495886
(6, 25) 0.015500 0.690982 0.496706
(6, 26) 0.015798 0.691722 0.497238
(6, 27) 0.016209 0.692057 0.497447
(6, 28) 0.016491 0.692363 0.497665
(6, 29) 0.016386 0.692585 0.497814
(6, 30) 0.016856 0.693215 0.497840
(6, 31) 0.017357 0.693874 0.497619
(6, 32) 0.017173 0.693903 0.497455
(6, 33) 0.017181 0.693918 0.497002
(6, 34) 0.016961 0.693964 0.496671
(6, 35) 0.016802 0.693868 0.496403
(6, 36) 0.016504 0.693868 0.496246
(6, 37) 0.016086 0.693778 0.495996
(6, 38) 0.015737 0.693442 0.495545
(6, 39) 0.015080 0.692944 0.495206
(7, 0) 0.014353 0.693828 0.500193
(7, 1) 0.014713 0.693878 0.500094
(7, 2) 0.015091 0.693864 0.499965
(7, 3) 0.015626 0.693860 0.499827
(7, 4) 0.016052 0.693870 0.499615
(7, 5) 0.016350 0.693877 0.499450
(7, 6) 0.016840 0.693878 0.499332
(7, 7) 0.017317 0.693886 0.499178
(7, 8) 0.018017 0.693915 0.499087
(7, 9) 0.018330 0.693960 0.498963
(7, 10) 0.018723 0.693941 0.498794
(7, 11) 0.019001 0.693843 0.498629
(7, 12) 0.019375 0.693627 0.498558
(7, 13) 0.019671 0.693470 0.498497
(7, 14) 0.019929 0.693255 0.498335
(7, 15) 0.020178 0.692968 0.498132
(7, 16) 0.020549 0.692583 0.497823
(7, 17) 0.020812 0.692233 0.497542
(7, 18) 0.021562 0.692002 0.497641
(7, 19) 0.020698 0.691707 0.498582
(7, 20) 0.020168 0.689892 0.498470
(7, 21) 0.017550 0.687095 0.496565
(7, 22) 0.016623 0.686841 0.494226
(7, 23) 0.016410 0.688134 0.494578
(7, 24) 0.016412 0.689269 0.495319
(7, 25) 0.016663 0.690046 0.495968
(7, 26) 0.016482 0.691638 0.497141
(7, 27) 0.016943 0.691997 0.497425
(7, 28) 0.017332 0.692097 0.497444
(7, 29) 0.017090 0.692755 0.497700
(7, 30) 0.018432 0.693801 0.497644
(7, 31) 0.018015 0.693942 0.497577
(7, 32) 0.017684 0.693907 0.497150
(7, 33) 0.017736 0.693892 0.496670
(7, 34) 0.017479 0.693863 0.496371
(7, 35) 0.017153 0.693844 0.496235
(7, 36) 0.016994 0.693815 0.496007
(7, 37) 0.016683 0.693907 0.495605
(7, 38) 0.016438 0.693744 0.495156
(7, 39) 0.015988 0.693134 0.494843
(8, 0) 0.014354 0.693496 0.500946
(8, 1) 0.015064 0.693793 0.500497
(8, 2) 0.015629 0.693910 0.500159
(8, 3) 0.016118 0.693882 0.499940
(8, 4) 0.016471 0.693870 0.499772
(8, 5) 0.016985 0.693886 0.499594
(8, 6) 0.017359 0.693869 0.499448
(8, 7) 0.018059 0.693878 0.499313
(8, 8) 0.018656 0.693889 0.499160
(8, 9) 0.019007 0.693924 0.499013
(8, 10) 0.019521 0.693939 0.498818
(8, 11) 0.019726 0.693862 0.498660
(8, 12) 0.020210 0.693636 0.498548
(8, 13) 0.020409 0.693511 0.498485
(8, 14) 0.020819 0.693223 0.498309
(8, 15) 0.021591 0.692900 0.498133
(8, 16) 0.021782 0.692584 0.497858
(8, 17) 0.022196 0.692183 0.497530
(8, 18) 0.022690 0.691975 0.497554
(8, 19) 0.022409 0.691375 0.498110
(8, 20) 0.022930 0.689071 0.498830
(8, 21) 0.020991 0.686936 0.496640
(8, 22) 0.021629 0.686920 0.494278
(8, 23) 0.019285 0.687501 0.494244
(8, 24) 0.018701 0.688499 0.494901
(8, 25) 0.018858 0.689234 0.495530
(8, 26) 0.019332 0.690627 0.496586
(8, 27) 0.018021 0.691689 0.497225
(8, 28) 0.018529 0.691758 0.497226
(8, 29) 0.018953 0.692700 0.497456
(8, 30) 0.019658 0.694005 0.497686
(8, 31) 0.019129 0.694018 0.497597
(8, 32) 0.018745 0.693965 0.496789
(8, 33) 0.018214 0.693900 0.496366
(8, 34) 0.018043 0.693870 0.496111
(8, 35) 0.017556 0.693803 0.495970
(8, 36) 0.017390 0.693825 0.495555
(8, 37) 0.017275 0.693962 0.495023
(8, 38) 0.016979 0.693930 0.494575
(8, 39) 0.016659 0.693263 0.494252
(9, 0) 0.014175 0.693504 0.502145
(9, 1) 0.015080 0.693660 0.501500
(9, 2) 0.016027 0.693895 0.500591
(9, 3) 0.016770 0.693899 0.500117
(9, 4) 0.017255 0.693878 0.499902
(9, 5) 0.017614 0.693852 0.499770
(9, 6) 0.018180 0.693862 0.499641
(9, 7) 0.019086 0.693861 0.499411
(9, 8) 0.019355 0.693904 0.499201
(9, 9) 0.019854 0.693934 0.498983
(9, 10) 0.020066 0.693960 0.498827
(9, 11) 0.020506 0.693859 0.498686
(9, 12) 0.020772 0.693668 0.498564
(9, 13) 0.021114 0.693535 0.498501
(9, 14) 0.021740 0.693190 0.498298
(9, 15) 0.022757 0.692811 0.498041
(9, 16) 0.023351 0.692518 0.497819
(9, 17) 0.024090 0.692203 0.497527
(9, 18) 0.024127 0.691861 0.497434
(9, 19) 0.025185 0.690748 0.498407
(9, 20) 0.027092 0.688808 0.499113
(9, 21) 0.025840 0.687857 0.496400
(9, 22) 0.025242 0.687588 0.494368
(9, 23) 0.023213 0.687538 0.494276
(9, 24) 0.021441 0.688182 0.494733
(9, 25) 0.023040 0.688872 0.495366
(9, 26) 0.024800 0.689372 0.495680
(9, 27) 0.021783 0.690655 0.496586
(9, 28) 0.020907 0.691400 0.496986
(9, 29) 0.023046 0.692990 0.497162
(9, 30) 0.022248 0.694002 0.497383
(9, 31) 0.020964 0.694011 0.497046
(9, 32) 0.020393 0.693896 0.496350
(9, 33) 0.019049 0.693947 0.496079
(9, 34) 0.018796 0.693899 0.495612
(9, 35) 0.018461 0.693894 0.495275
(9, 36) 0.018126 0.693842 0.494866
(9, 37) 0.017916 0.693981 0.494388
(9, 38) 0.017555 0.693841 0.493880
(9, 39) 0.017095 0.693392 0.493106
(10, 0) 0.013934 0.693801 0.503067
(10, 1) 0.015066 0.693829 0.502228
(10, 2) 0.017426 0.693983 0.500749
(10, 3) 0.018416 0.693954 0.500195
(10, 4) 0.018751 0.693926 0.500072
(10, 5) 0.018985 0.693919 0.499914
(10, 6) 0.019419 0.693869 0.499721
(10, 7) 0.019835 0.693888 0.499477
(10, 8) 0.020256 0.693914 0.499204
(10, 9) 0.020633 0.693902 0.499044
(10, 10) 0.020778 0.693942 0.498844
(10, 11) 0.021171 0.693885 0.498732
(10, 12) 0.021401 0.693737 0.498655
(10, 13) 0.021840 0.693542 0.498524
(10, 14) 0.022401 0.693193 0.498362
(10, 15) 0.023610 0.692754 0.498081
(10, 16) 0.024851 0.692412 0.497742
(10, 17) 0.026314 0.692098 0.497504
(10, 18) 0.026903 0.691766 0.497575
(10, 19) 0.031167 0.690839 0.498144
(10, 20) 0.033900 0.689485 0.499161
(10, 21) 0.035536 0.689099 0.497768
(10, 22) 0.029042 0.687756 0.494603
(10, 23) 0.028706 0.686852 0.493980
(10, 24) 0.027588 0.687475 0.494612
(10, 25) 0.028724 0.688653 0.495227
(10, 26) 0.027202 0.689143 0.495437
(10, 27) 0.026465 0.689759 0.495803
(10, 28) 0.025134 0.691394 0.496642
(10, 29) 0.027685 0.693363 0.496532
(10, 30) 0.026851 0.693956 0.496212
(10, 31) 0.025371 0.693891 0.495909
(10, 32) 0.022502 0.693954 0.495822
(10, 33) 0.020741 0.694901 0.495504
(10, 34) 0.019754 0.693998 0.495073
(10, 35) 0.019995 0.693942 0.494473
(10, 36) 0.019719 0.693946 0.493870
(10, 37) 0.018936 0.693928 0.493527
(10, 38) 0.018242 0.693877 0.492845
(10, 39) 0.017285 0.693124 0.491806
(11, 0) 0.015179 0.693895 0.503320
(11, 1) 0.016649 0.693892 0.502455
(11, 2) 0.018861 0.693800 0.500867
(11, 3) 0.020068 0.693893 0.500192
(11, 4) 0.020823 0.693937 0.500084
(11, 5) 0.021135 0.693907 0.499932
(11, 6) 0.020697 0.693890 0.499694
(11, 7) 0.021173 0.693897 0.499309
(11, 8) 0.021359 0.693939 0.499120
(11, 9) 0.021609 0.693920 0.499051
(11, 10) 0.021744 0.693918 0.498871
(11, 11) 0.021720 0.693900 0.498795
(11, 12) 0.022078 0.693788 0.498704
(11, 13) 0.022398 0.693612 0.498591
(11, 14) 0.023172 0.693212 0.498389
(11, 15) 0.025012 0.692651 0.498017
(11, 16) 0.027245 0.692273 0.497670
(11, 17) 0.028627 0.692056 0.497440
(11, 18) 0.030971 0.691874 0.497457
(11, 19) 0.037541 0.691538 0.497881
(11, 20) 0.039993 0.690851 0.497983
(11, 21) 0.043042 0.690051 0.497384
(11, 22) 0.043123 0.688780 0.495575
(11, 23) 0.037516 0.686749 0.494460
(11, 24) 0.035738 0.687298 0.494789
(11, 25) 0.032720 0.688063 0.495254
(11, 26) 0.030114 0.688870 0.495355
(11, 27) 0.029243 0.689803 0.495838
(11, 28) 0.028592 0.691692 0.496388
(11, 29) 0.031136 0.693750 0.495645
(11, 30) 0.029905 0.693915 0.495316
(11, 31) 0.028494 0.693915 0.495131
(11, 32) 0.026983 0.694854 0.494773
(11, 33) 0.023365 0.696911 0.495290
(11, 34) 0.021651 0.694863 0.494638
(11, 35) 0.021765 0.693958 0.493831
(11, 36) 0.021570 0.693944 0.493011
(11, 37) 0.020822 0.693926 0.492416
(11, 38) 0.019940 0.693674 0.491190
(11, 39) 0.018050 0.692718 0.490200
(12, 0) 0.018129 0.693858 0.503448
(12, 1) 0.017950 0.693736 0.502558
(12, 2) 0.021716 0.693821 0.500520
(12, 3) 0.021859 0.693901 0.500020
(12, 4) 0.022428 0.693920 0.499907
(12, 5) 0.022876 0.693899 0.499805
(12, 6) 0.023121 0.693874 0.499439
(12, 7) 0.023112 0.693901 0.499090
(12, 8) 0.022980 0.693934 0.499001
(12, 9) 0.022743 0.693913 0.498970
(12, 10) 0.022625 0.693899 0.498839
(12, 11) 0.022592 0.693792 0.498714
(12, 12) 0.023011 0.693645 0.498625
(12, 13) 0.023144 0.693470 0.498474
(12, 14) 0.024779 0.693108 0.498319
(12, 15) 0.027402 0.692622 0.497964
(12, 16) 0.031544 0.692215 0.497563
(12, 17) 0.032106 0.692049 0.497458
(12, 18) 0.038281 0.691977 0.497468
(12, 19) 0.042256 0.691954 0.497652
(12, 20) 0.045354 0.691632 0.497550
(12, 21) 0.048618 0.690812 0.496949
(12, 22) 0.053127 0.689976 0.496111
(12, 23) 0.060815 0.689830 0.495823
(12, 24) 0.048338 0.688329 0.495360
(12, 25) 0.042416 0.688251 0.495231
(12, 26) 0.034902 0.689328 0.495665
(12, 27) 0.033850 0.689854 0.495855
(12, 28) 0.038582 0.692097 0.495752
(12, 29) 0.035490 0.693858 0.495214
(12, 30) 0.033134 0.693915 0.494960
(12, 31) 0.031641 0.693908 0.494476
(12, 32) 0.032091 0.693915 0.493100
(12, 33) 0.029099 0.695381 0.492805
(12, 34) 0.026648 0.693963 0.492526
(12, 35) 0.023626 0.693833 0.493348
(12, 36) 0.023245 0.693921 0.492380
(12, 37) 0.022581 0.693882 0.490692
(12, 38) 0.021001 0.694097 0.490518
(12, 39) 0.020412 0.693528 0.489248
(13, 0) 0.020293 0.693710 0.503309
(13, 1) 0.022266 0.693877 0.501650
(13, 2) 0.024138 0.693864 0.500059
(13, 3) 0.023521 0.693899 0.499866
(13, 4) 0.023824 0.693907 0.499661
(13, 5) 0.024450 0.693913 0.499440
(13, 6) 0.024705 0.693888 0.499159
(13, 7) 0.024479 0.693913 0.498971
(13, 8) 0.023971 0.693925 0.498914
(13, 9) 0.023649 0.693908 0.498878
(13, 10) 0.023482 0.693822 0.498734
(13, 11) 0.023924 0.693615 0.498553
(13, 12) 0.024098 0.693489 0.498462
(13, 13) 0.024681 0.693255 0.498333
(13, 14) 0.026840 0.692810 0.498129
(13, 15) 0.030101 0.692545 0.497869
(13, 16) 0.034810 0.692233 0.497592
(13, 17) 0.038274 0.692068 0.497484
(13, 18) 0.044587 0.691994 0.497474
(13, 19) 0.048127 0.692081 0.497532
(13, 20) 0.053787 0.691993 0.497449
(13, 21) 0.059863 0.691659 0.497162
(13, 22) 0.074307 0.691208 0.496966
(13, 23) 0.086408 0.691980 0.497379
(13, 24) 0.080267 0.690931 0.496627
(13, 25) 0.079926 0.689984 0.496146
(13, 26) 0.078089 0.690278 0.496230
(13, 27) 0.052840 0.690707 0.496524
(13, 28) 0.067588 0.692015 0.496772
(13, 29) 0.049787 0.693383 0.495524
(13, 30) 0.041105 0.693899 0.494663
(13, 31) 0.038493 0.693896 0.493120
(13, 32) 0.037204 0.693906 0.491707
(13, 33) 0.034120 0.693915 0.490814
(13, 34) 0.030764 0.693827 0.490805
(13, 35) 0.027637 0.693765 0.491581
(13, 36) 0.025725 0.693691 0.490561
(13, 37) 0.024440 0.693582 0.490119
(13, 38) 0.023063 0.693943 0.489122
(13, 39) 0.021921 0.694261 0.487063
(14, 0) 0.022897 0.693586 0.502273
(14, 1) 0.025399 0.693798 0.500447
(14, 2) 0.025401 0.693879 0.499884
(14, 3) 0.025673 0.693907 0.499568
(14, 4) 0.025869 0.693928 0.499213
(14, 5) 0.025948 0.693906 0.499062
(14, 6) 0.025669 0.693913 0.498916
(14, 7) 0.025283 0.693911 0.498865
(14, 8) 0.024676 0.693911 0.498836
(14, 9) 0.024280 0.693863 0.498781
(14, 10) 0.024329 0.693728 0.498631
(14, 11) 0.024970 0.693555 0.498496
(14, 12) 0.025316 0.693457 0.498439
(14, 13) 0.026209 0.693237 0.498319
(14, 14) 0.027679 0.692833 0.498161
(14, 15) 0.033155 0.692517 0.497799
(14, 16) 0.039686 0.692206 0.497583
(14, 17) 0.047975 0.692178 0.497634
(14, 18) 0.055812 0.692091 0.497681
(14, 19) 0.063632 0.691957 0.497770
(14, 20) 0.066022 0.691977 0.497540
(14, 21) 0.076436 0.691655 0.497543
(14, 22) 0.094463 0.692101 0.497795
(14, 23) 0.099346 0.692628 0.497977
(14, 24) 0.103415 0.692740 0.498062
(14, 25) 0.105191 0.691922 0.497457
(14, 26) 0.107471 0.692086 0.497510
(14, 27) 0.098354 0.691264 0.497017
(14, 28) 0.091741 0.691614 0.497271
(14, 29) 0.094987 0.692370 0.497061
(14, 30) 0.082361 0.693018 0.495468
(14, 31) 0.045987 0.693882 0.491742
(14, 32) 0.042160 0.693915 0.490686
(14, 33) 0.040229 0.693915 0.490147
(14, 34) 0.033117 0.693915 0.490247
(14, 35) 0.029188 0.693799 0.490167
(14, 36) 0.027472 0.693915 0.490501
(14, 37) 0.026060 0.693824 0.489087
(14, 38) 0.024724 0.694338 0.486846
(14, 39) 0.023796 0.694413 0.486707
(15, 0) 0.026700 0.693571 0.500569
(15, 1) 0.026804 0.693790 0.499945
(15, 2) 0.026848 0.693888 0.499566
(15, 3) 0.027331 0.693925 0.499120
(15, 4) 0.027086 0.693896 0.498952
(15, 5) 0.026701 0.693899 0.498875
(15, 6) 0.026409 0.693882 0.498828
(15, 7) 0.026001 0.693879 0.498814
(15, 8) 0.026238 0.693760 0.498715
(15, 9) 0.025596 0.693657 0.498658
(15, 10) 0.025445 0.693570 0.498513
(15, 11) 0.025875 0.693549 0.498463
(15, 12) 0.026430 0.693541 0.498418
(15, 13) 0.027034 0.693468 0.498351
(15, 14) 0.032829 0.693407 0.497893
(15, 15) 0.041696 0.692830 0.497380
(15, 16) 0.051662 0.692563 0.497743
(15, 17) 0.061628 0.692770 0.498035
(15, 18) 0.070925 0.693118 0.498352
(15, 19) 0.074174 0.692727 0.498123
(15, 20) 0.076666 0.692509 0.497943
(15, 21) 0.091516 0.692484 0.497847
(15, 22) 0.102504 0.692902 0.498178
(15, 23) 0.106201 0.693290 0.498410
(15, 24) 0.108913 0.693315 0.498400
(15, 25) 0.110069 0.692711 0.498006
(15, 26) 0.112538 0.692116 0.497640
(15, 27) 0.114100 0.691523 0.496964
(15, 28) 0.112756 0.691645 0.497264
(15, 29) 0.113628 0.692363 0.497715
(15, 30) 0.114059 0.692446 0.497604
(15, 31) 0.102265 0.692633 0.494863
(15, 32) 0.062108 0.693560 0.489368
(15, 33) 0.052114 0.693915 0.488858
(15, 34) 0.040148 0.693915 0.488463
(15, 35) 0.035052 0.693914 0.487835
(15, 36) 0.028532 0.693915 0.489418
(15, 37) 0.031718 0.693915 0.483963
(15, 38) 0.027183 0.694066 0.485817
(15, 39) 0.028710 0.695039 0.479004
(16, 0) 0.028494 0.693722 0.500069
(16, 1) 0.028061 0.693823 0.499713
(16, 2) 0.028037 0.693898 0.499201
(16, 3) 0.028070 0.693929 0.498945
(16, 4) 0.027856 0.693916 0.498832
(16, 5) 0.027391 0.693860 0.498787
(16, 6) 0.027295 0.693784 0.498713
(16, 7) 0.027630 0.693612 0.498658
(16, 8) 0.028364 0.693398 0.498535
(16, 9) 0.028338 0.693331 0.498472
(16, 10) 0.028156 0.693407 0.498215
(16, 11) 0.027557 0.693538 0.498334
(16, 12) 0.027978 0.693598 0.498300
(16, 13) 0.032586 0.693782 0.497935
(16, 14) 0.042376 0.694096 0.497213
(16, 15) 0.050500 0.693688 0.497349
(16, 16) 0.063954 0.693346 0.498350
(16, 17) 0.070853 0.693503 0.498583
(16, 18) 0.075582 0.693578 0.498620
(16, 19) 0.078696 0.693528 0.498562
(16, 20) 0.082444 0.693220 0.498311
(16, 21) 0.093311 0.693187 0.498292
(16, 22) 0.103289 0.693363 0.498429
(16, 23) 0.108174 0.693670 0.498649
(16, 24) 0.110503 0.693631 0.498566
(16, 25) 0.112876 0.693216 0.498364
(16, 26) 0.116254 0.692489 0.497821
(16, 27) 0.118990 0.692189 0.497521
(16, 28) 0.120956 0.692175 0.497493
(16, 29) 0.121832 0.692455 0.497787
(16, 30) 0.123788 0.692342 0.497221
(16, 31) 0.128364 0.692174 0.494884
(16, 32) 0.123391 0.692227 0.492157
(16, 33) 0.102324 0.692427 0.490055
(16, 34) 0.071844 0.693915 0.486331
(16, 35) 0.041592 0.693915 0.484894
(16, 36) 0.042002 0.696868 0.480603
(16, 37) 0.040633 0.694225 0.473744
(16, 38) 0.038964 0.694405 0.468775
(16, 39) 0.047424 0.694531 0.456148
(17, 0) 0.029246 0.693843 0.499791
(17, 1) 0.029242 0.693872 0.499292
(17, 2) 0.028923 0.693885 0.499018
(17, 3) 0.028775 0.693923 0.498839
(17, 4) 0.028523 0.693896 0.498772
(17, 5) 0.028679 0.693775 0.498658
(17, 6) 0.028971 0.693564 0.498567
(17, 7) 0.029342 0.693377 0.498518
(17, 8) 0.029377 0.693306 0.498437
(17, 9) 0.030027 0.693165 0.498155
(17, 10) 0.030767 0.693271 0.497894
(17, 11) 0.033455 0.693294 0.498038
(17, 12) 0.035542 0.693390 0.498068
(17, 13) 0.042000 0.693534 0.497875
(17, 14) 0.050701 0.693848 0.498001
(17, 15) 0.063294 0.693524 0.498384
(17, 16) 0.066995 0.693521 0.498668
(17, 17) 0.071384 0.693688 0.498768
(17, 18) 0.078303 0.693739 0.498719
(17, 19) 0.081280 0.693661 0.498656
(17, 20) 0.083678 0.693545 0.498555
(17, 21) 0.095311 0.693432 0.498509
(17, 22) 0.104104 0.693627 0.498676
(17, 23) 0.108892 0.693726 0.498765
(17, 24) 0.112033 0.693715 0.498720
(17, 25) 0.114392 0.693603 0.498605
(17, 26) 0.118687 0.693208 0.498409
(17, 27) 0.122766 0.692914 0.498075
(17, 28) 0.124689 0.692587 0.497947
(17, 29) 0.127806 0.692662 0.497959
(17, 30) 0.132968 0.692729 0.498009
(17, 31) 0.136044 0.692179 0.497159
(17, 32) 0.137126 0.691628 0.495978
(17, 33) 0.139888 0.691564 0.494866
(17, 34) 0.135328 0.692027 0.490211
(17, 35) 0.086592 0.699328 0.481929
(17, 36) 0.066803 0.704665 0.463139
(17, 37) 0.063401 0.700878 0.462335
(17, 38) 0.074461 0.693036 0.432886
(17, 39) 0.107997 0.690366 0.366266
(18, 0) 0.030023 0.693943 0.499506
(18, 1) 0.029953 0.693937 0.499136
(18, 2) 0.029604 0.693919 0.498908
(18, 3) 0.029516 0.693921 0.498770
(18, 4) 0.029646 0.693856 0.498684
(18, 5) 0.030037 0.693630 0.498554
(18, 6) 0.030510 0.693485 0.498528
(18, 7) 0.030923 0.693324 0.498513
(18, 8) 0.031484 0.693094 0.498311
(18, 9) 0.031802 0.692917 0.498112
(18, 10) 0.034798 0.692976 0.497998
(18, 11) 0.039129 0.693016 0.498175
(18, 12) 0.042039 0.693167 0.498153
(18, 13) 0.048302 0.693358 0.498379
(18, 14) 0.054633 0.693563 0.498589
(18, 15) 0.060337 0.693444 0.498582
(18, 16) 0.067599 0.693470 0.498719
(18, 17) 0.074023 0.693635 0.498867
(18, 18) 0.079248 0.693798 0.498771
(18, 19) 0.081672 0.693798 0.498805
(18, 20) 0.086449 0.693638 0.498690
(18, 21) 0.098214 0.693551 0.498615
(18, 22) 0.104445 0.693689 0.498697
(18, 23) 0.109899 0.693768 0.498808
(18, 24) 0.113384 0.693742 0.498744
(18, 25) 0.117919 0.693706 0.498687
(18, 26) 0.122881 0.693543 0.498540
(18, 27) 0.124654 0.693392 0.498451
(18, 28) 0.127831 0.693216 0.498372
(18, 29) 0.132616 0.693206 0.498312
(18, 30) 0.136992 0.693020 0.498154
(18, 31) 0.140331 0.692920 0.497990
(18, 32) 0.143766 0.692172 0.497568
(18, 33) 0.149877 0.691967 0.497492
(18, 34) 0.151296 0.693856 0.494926
(18, 35) 0.131667 0.707378 0.475157
(18, 36) 0.118449 0.707040 0.463982
(18, 37) 0.106533 0.699622 0.433077
(18, 38) 0.139942 0.691268 0.344936
(18, 39) 0.153523 0.686096 0.305541
(19, 0) 0.030601 0.693985 0.499307
(19, 1) 0.030441 0.693978 0.499041
(19, 2) 0.030303 0.693942 0.498855
(19, 3) 0.030352 0.693907 0.498720
(19, 4) 0.030779 0.693808 0.498618
(19, 5) 0.031311 0.693628 0.498539
(19, 6) 0.031892 0.693458 0.498508
(19, 7) 0.032572 0.693304 0.498440
(19, 8) 0.033554 0.693055 0.498289
(19, 9) 0.034615 0.692876 0.498117
(19, 10) 0.038201 0.692743 0.498146
(19, 11) 0.040989 0.693019 0.498166
(19, 12) 0.044255 0.693241 0.498171
(19, 13) 0.049390 0.693447 0.498435
(19, 14) 0.054303 0.693682 0.498698
(19, 15) 0.059202 0.693605 0.498670
(19, 16) 0.065725 0.693610 0.498806
(19, 17) 0.074088 0.693740 0.498886
(19, 18) 0.079535 0.693822 0.498825
(19, 19) 0.082265 0.693847 0.498847
(19, 20) 0.089107 0.693741 0.498776
(19, 21) 0.098514 0.693669 0.498724
(19, 22) 0.104640 0.693749 0.498799
(19, 23) 0.111023 0.693806 0.498830
(19, 24) 0.116962 0.693766 0.498758
(19, 25) 0.120643 0.693722 0.498695
(19, 26) 0.122884 0.693683 0.498636
(19, 27) 0.126712 0.693441 0.498489
(19, 28) 0.130171 0.693430 0.498544
(19, 29) 0.133342 0.693427 0.498555
(19, 30) 0.138904 0.693461 0.498470
(19, 31) 0.142465 0.693340 0.498289
(19, 32) 0.147467 0.693177 0.498235
(19, 33) 0.156610 0.692491 0.497829
(19, 34) 0.160876 0.692408 0.497772
(19, 35) 0.163313 0.694241 0.491954
(19, 36) 0.171872 0.695959 0.469065
(19, 37) 0.158315 0.698724 0.452666
(19, 38) 0.168387 0.663816 0.375118
(19, 39) 0.388815 0.351102 0.140746
(20, 0) 0.031213 0.693922 0.499188
(20, 1) 0.031139 0.693948 0.498986
(20, 2) 0.031228 0.693915 0.498809
(20, 3) 0.031499 0.693854 0.498684
(20, 4) 0.032291 0.693713 0.498599
(20, 5) 0.033161 0.693541 0.498521
(20, 6) 0.033543 0.693522 0.498508
(20, 7) 0.034472 0.693347 0.498402
(20, 8) 0.035520 0.693127 0.498322
(20, 9) 0.037846 0.693218 0.498301
(20, 10) 0.040077 0.693109 0.498374
(20, 11) 0.042655 0.693161 0.498272
(20, 12) 0.045386 0.693377 0.498238
(20, 13) 0.049939 0.693658 0.498610
(20, 14) 0.054090 0.693726 0.498748
(20, 15) 0.059530 0.693743 0.498761
(20, 16) 0.064120 0.693722 0.498805
(20, 17) 0.068628 0.693767 0.498930
(20, 18) 0.078140 0.693847 0.498910
(20, 19) 0.084755 0.693869 0.498957
(20, 20) 0.091935 0.693847 0.498874
(20, 21) 0.098839 0.693820 0.498912
(20, 22) 0.104194 0.693878 0.499036
(20, 23) 0.110880 0.693871 0.499095
(20, 24) 0.118728 0.693836 0.498912
(20, 25) 0.121909 0.693773 0.498776
(20, 26) 0.124634 0.693711 0.498709
(20, 27) 0.128147 0.693613 0.498615
(20, 28) 0.131582 0.693531 0.498577
(20, 29) 0.135652 0.693774 0.498789
(20, 30) 0.140039 0.693716 0.498832
(20, 31) 0.147256 0.693687 0.498736
(20, 32) 0.157729 0.693497 0.498645
(20, 33) 0.163760 0.693018 0.498196
(20, 34) 0.168245 0.692840 0.497928
(20, 35) 0.174416 0.692587 0.497831
(20, 36) 0.182533 0.692521 0.492706
(20, 37) 0.188303 0.692825 0.484451
(20, 38) 0.423290 0.359431 0.241964
(20, 39) 0.616420 0.009810 0.006203
(21, 0) 0.031716 0.693874 0.499041
(21, 1) 0.031890 0.693906 0.498900
(21, 2) 0.032247 0.693915 0.498763
(21, 3) 0.033051 0.693842 0.498722
(21, 4) 0.033855 0.693697 0.498669
(21, 5) 0.034292 0.693630 0.498611
(21, 6) 0.035094 0.693644 0.498546
(21, 7) 0.035962 0.693557 0.498446
(21, 8) 0.037364 0.693449 0.498381
(21, 9) 0.039287 0.693637 0.498440
(21, 10) 0.041172 0.693595 0.498578
(21, 11) 0.043002 0.693344 0.498396
(21, 12) 0.047375 0.693603 0.498520
(21, 13) 0.050250 0.693820 0.498740
(21, 14) 0.052746 0.693809 0.498755
(21, 15) 0.058108 0.693704 0.498729
(21, 16) 0.062815 0.693702 0.498773
(21, 17) 0.069816 0.693792 0.498911
(21, 18) 0.078386 0.693857 0.499034
(21, 19) 0.085188 0.693892 0.499015
(21, 20) 0.090550 0.693840 0.498882
(21, 21) 0.096595 0.693867 0.498965
(21, 22) 0.105413 0.693910 0.499242
(21, 23) 0.114295 0.693939 0.499302
(21, 24) 0.119788 0.693931 0.499130
(21, 25) 0.123300 0.693833 0.498878
(21, 26) 0.125930 0.693809 0.498804
(21, 27) 0.128266 0.693735 0.498749
(21, 28) 0.134554 0.693819 0.498824
(21, 29) 0.138332 0.693883 0.498835
(21, 30) 0.142348 0.693860 0.498915
(21, 31) 0.154161 0.693753 0.498892
(21, 32) 0.163285 0.693751 0.498857
(21, 33) 0.167690 0.693617 0.498589
(21, 34) 0.171110 0.693457 0.498395
(21, 35) 0.176387 0.693216 0.498300
(21, 36) 0.188666 0.693169 0.498417
(21, 37) 0.200769 0.692817 0.493057
(21, 38) 0.233435 0.692972 0.474767
(21, 39) 0.257435 0.633977 0.452159
(22, 0) 0.032151 0.693874 0.499057
(22, 1) 0.032482 0.693929 0.498900
(22, 2) 0.033093 0.693921 0.498824
(22, 3) 0.033736 0.693922 0.498814
(22, 4) 0.034253 0.693846 0.498778
(22, 5) 0.035024 0.693830 0.498744
(22, 6) 0.035811 0.693807 0.498698
(22, 7) 0.036550 0.693701 0.498601
(22, 8) 0.038079 0.693628 0.498592
(22, 9) 0.040195 0.693787 0.498673
(22, 10) 0.041721 0.693830 0.498818
(22, 11) 0.043158 0.693669 0.498687
(22, 12) 0.047376 0.693720 0.498721
(22, 13) 0.049774 0.693857 0.498778
(22, 14) 0.052716 0.693819 0.498799
(22, 15) 0.057045 0.693741 0.498750
(22, 16) 0.061167 0.693714 0.498763
(22, 17) 0.069660 0.693738 0.498766
(22, 18) 0.077631 0.693704 0.498783
(22, 19) 0.085121 0.693655 0.498712
(22, 20) 0.091024 0.693745 0.498729
(22, 21) 0.095388 0.693804 0.498863
(22, 22) 0.102585 0.693918 0.499277
(22, 23) 0.111746 0.694025 0.499670
(22, 24) 0.119846 0.693979 0.499337
(22, 25) 0.124572 0.693927 0.499169
(22, 26) 0.126951 0.693839 0.498947
(22, 27) 0.129552 0.693843 0.498959
(22, 28) 0.134150 0.693778 0.498862
(22, 29) 0.141083 0.693844 0.498803
(22, 30) 0.148916 0.693807 0.498956
(22, 31) 0.160767 0.693712 0.498909
(22, 32) 0.166759 0.693802 0.498867
(22, 33) 0.169201 0.693767 0.498804
(22, 34) 0.176369 0.693681 0.498658
(22, 35) 0.188692 0.693441 0.498729
(22, 36) 0.193269 0.693294 0.498516
(22, 37) 0.198573 0.693182 0.498372
(22, 38) 0.217610 0.693516 0.496612
(22, 39) 0.220557 0.693681 0.498677
(23, 0) 0.032426 0.693866 0.499243
(23, 1) 0.032893 0.693902 0.499093
(23, 2) 0.033403 0.693908 0.498944
(23, 3) 0.033855 0.693919 0.498889
(23, 4) 0.034698 0.693930 0.498862
(23, 5) 0.035555 0.693933 0.498847
(23, 6) 0.036182 0.693902 0.498782
(23, 7) 0.036801 0.693846 0.498772
(23, 8) 0.037795 0.693762 0.498720
(23, 9) 0.041009 0.693863 0.498762
(23, 10) 0.042490 0.693889 0.498827
(23, 11) 0.043733 0.693805 0.498700
(23, 12) 0.046537 0.693774 0.498678
(23, 13) 0.048783 0.693819 0.498746
(23, 14) 0.051902 0.693816 0.498749
(23, 15) 0.056152 0.693774 0.498748
(23, 16) 0.060123 0.693757 0.498749
(23, 17) 0.069709 0.693652 0.498677
(23, 18) 0.077768 0.693503 0.498603
(23, 19) 0.084681 0.693471 0.498490
(23, 20) 0.090191 0.693517 0.498534
(23, 21) 0.094767 0.693741 0.498821
(23, 22) 0.101133 0.693822 0.499134
(23, 23) 0.110014 0.693904 0.499470
(23, 24) 0.116970 0.693917 0.499413
(23, 25) 0.123120 0.693886 0.499285
(23, 26) 0.128179 0.693893 0.499133
(23, 27) 0.131673 0.693860 0.499157
(23, 28) 0.140052 0.693826 0.498964
(23, 29) 0.143861 0.693781 0.498802
(23, 30) 0.150235 0.693748 0.498845
(23, 31) 0.165762 0.693706 0.498845
(23, 32) 0.169910 0.693742 0.498759
(23, 33) 0.175683 0.693634 0.498730
(23, 34) 0.185053 0.693638 0.498765
(23, 35) 0.188362 0.693594 0.498787
(23, 36) 0.197516 0.693378 0.498563
(23, 37) 0.211655 0.693239 0.498515
(23, 38) 0.216803 0.693394 0.498607
(23, 39) 0.219843 0.693585 0.498685
(24, 0) 0.032087 0.693877 0.499759
(24, 1) 0.032256 0.693854 0.500030
(24, 2) 0.033344 0.693888 0.499388
(24, 3) 0.034082 0.693930 0.499207
(24, 4) 0.034804 0.693941 0.499123
(24, 5) 0.035590 0.693953 0.499024
(24, 6) 0.036464 0.693933 0.498866
(24, 7) 0.037201 0.693892 0.498829
(24, 8) 0.037931 0.693845 0.498802
(24, 9) 0.040973 0.693879 0.498838
(24, 10) 0.042996 0.693893 0.498821
(24, 11) 0.044095 0.693827 0.498676
(24, 12) 0.045789 0.693793 0.498692
(24, 13) 0.048412 0.693791 0.498716
(24, 14) 0.053065 0.693726 0.498711
(24, 15) 0.056408 0.693736 0.498716
(24, 16) 0.060609 0.693723 0.498712
(24, 17) 0.070072 0.693700 0.498789
(24, 18) 0.077883 0.693630 0.498718
(24, 19) 0.083195 0.693565 0.498635
(24, 20) 0.087848 0.693477 0.498504
(24, 21) 0.095226 0.693571 0.498621
(24, 22) 0.101161 0.693692 0.498841
(24, 23) 0.107777 0.693788 0.499115
(24, 24) 0.115417 0.693842 0.499290
(24, 25) 0.122332 0.693856 0.499347
(24, 26) 0.129766 0.693878 0.499293
(24, 27) 0.135544 0.694045 0.499568
(24, 28) 0.140462 0.693876 0.499236
(24, 29) 0.148643 0.693824 0.498894
(24, 30) 0.165001 0.693825 0.498968
(24, 31) 0.168996 0.693771 0.498838
(24, 32) 0.170941 0.693728 0.498795
(24, 33) 0.178347 0.693628 0.498813
(24, 34) 0.189707 0.693613 0.498842
(24, 35) 0.197773 0.693735 0.498974
(24, 36) 0.209870 0.693546 0.498792
(24, 37) 0.214909 0.693426 0.498701
(24, 38) 0.218127 0.693520 0.498808
(24, 39) 0.223693 0.693452 0.498622
(25, 0) 0.028870 0.693826 0.501970
(25, 1) 0.030008 0.693763 0.501618
(25, 2) 0.031960 0.693758 0.500664
(25, 3) 0.033273 0.693868 0.499928
(25, 4) 0.034777 0.693909 0.499540
(25, 5) 0.035411 0.693956 0.499447
(25, 6) 0.036450 0.693903 0.499149
(25, 7) 0.037906 0.693844 0.498919
(25, 8) 0.038908 0.693843 0.498867
(25, 9) 0.040508 0.693785 0.498881
(25, 10) 0.043338 0.693899 0.498875
(25, 11) 0.044476 0.693868 0.498747
(25, 12) 0.045653 0.693855 0.498750
(25, 13) 0.048056 0.693790 0.498780
(25, 14) 0.052401 0.693713 0.498736
(25, 15) 0.058219 0.693718 0.498714
(25, 16) 0.061966 0.693732 0.498747
(25, 17) 0.067237 0.693737 0.498824
(25, 18) 0.078587 0.693764 0.498873
(25, 19) 0.083807 0.693741 0.498806
(25, 20) 0.087725 0.693631 0.498721
(25, 21) 0.095479 0.693644 0.498668
(25, 22) 0.099909 0.693678 0.498690
(25, 23) 0.102146 0.693748 0.498860
(25, 24) 0.111917 0.693848 0.499196
(25, 25) 0.125573 0.693887 0.499875
(25, 26) 0.134978 0.694129 0.499798
(25, 27) 0.142005 0.694289 0.500244
(25, 28) 0.148287 0.694136 0.499919
(25, 29) 0.164119 0.693810 0.499121
(25, 30) 0.172748 0.693771 0.498947
(25, 31) 0.174165 0.693684 0.498955
(25, 32) 0.177546 0.693736 0.498817
(25, 33) 0.199019 0.693629 0.498968
(25, 34) 0.200780 0.693761 0.498996
(25, 35) 0.210110 0.693805 0.499022
(25, 36) 0.222062 0.693681 0.498845
(25, 37) 0.222261 0.693580 0.498857
(25, 38) 0.224163 0.693597 0.498821
(25, 39) 0.226020 0.693522 0.498721
(26, 0) 0.026915 0.693879 0.502641
(26, 1) 0.027960 0.693883 0.502292
(26, 2) 0.028858 0.694117 0.500896
(26, 3) 0.030909 0.694072 0.500023
(26, 4) 0.032880 0.694150 0.499827
(26, 5) 0.035094 0.694190 0.499703
(26, 6) 0.036794 0.694194 0.499511
(26, 7) 0.038564 0.693903 0.499131
(26, 8) 0.039159 0.693914 0.499040
(26, 9) 0.041036 0.693984 0.499101
(26, 10) 0.043845 0.693955 0.499093
(26, 11) 0.044687 0.693950 0.498938
(26, 12) 0.045924 0.693949 0.498961
(26, 13) 0.048333 0.693893 0.498991
(26, 14) 0.052791 0.693832 0.498916
(26, 15) 0.058534 0.693806 0.499018
(26, 16) 0.061738 0.693826 0.498984
(26, 17) 0.067995 0.693862 0.499162
(26, 18) 0.078919 0.693835 0.499127
(26, 19) 0.084996 0.693820 0.498965
(26, 20) 0.088674 0.693747 0.498830
(26, 21) 0.092153 0.693734 0.498768
(26, 22) 0.097130 0.693711 0.498781
(26, 23) 0.101868 0.693838 0.499247
(26, 24) 0.112627 0.694416 0.500694
(26, 25) 0.129068 0.693935 0.500491
(26, 26) 0.153472 0.693881 0.499899
(26, 27) 0.166656 0.693996 0.499733
(26, 28) 0.166438 0.695329 0.501039
(26, 29) 0.177028 0.693950 0.499258
(26, 30) 0.185143 0.693576 0.498803
(26, 31) 0.188741 0.693495 0.498729
(26, 32) 0.200425 0.693648 0.498765
(26, 33) 0.204801 0.693689 0.498934
(26, 34) 0.211447 0.693757 0.498971
(26, 35) 0.225380 0.693649 0.498857
(26, 36) 0.232549 0.693538 0.498700
(26, 37) 0.229213 0.693527 0.498767
(26, 38) 0.504962 0.682134 0.488043
(26, 39) 0.534560 0.683907 0.489576
(27, 0) 0.025877 0.693882 0.502335
(27, 1) 0.026608 0.694175 0.501451
(27, 2) 0.027064 0.694754 0.499898
(27, 3) 0.028126 0.694723 0.499635
(27, 4) 0.029994 0.694875 0.499490
(27, 5) 0.033231 0.694874 0.499821
(27, 6) 0.035850 0.694564 0.499822
(27, 7) 0.037916 0.694072 0.499612
(27, 8) 0.039216 0.694001 0.499540
(27, 9) 0.040630 0.693995 0.499903
(27, 10) 0.042979 0.694014 0.499573
(27, 11) 0.044472 0.693992 0.499453
(27, 12) 0.045992 0.694125 0.499589
(27, 13) 0.048203 0.694028 0.499405
(27, 14) 0.052142 0.693896 0.499392
(27, 15) 0.057884 0.693782 0.499426
(27, 16) 0.062623 0.693917 0.499358
(27, 17) 0.070071 0.693870 0.499625
(27, 18) 0.080114 0.693902 0.499415
(27, 19) 0.086487 0.693804 0.499037
(27, 20) 0.089645 0.693814 0.498866
(27, 21) 0.092504 0.693782 0.498783
(27, 22) 0.094151 0.693797 0.498899
(27, 23) 0.097230 0.694115 0.499534
(27, 24) 0.112285 0.696086 0.501919
(27, 25) 0.151618 0.695073 0.501027
(27, 26) 0.173591 0.693783 0.499064
(27, 27) 0.180215 0.693939 0.499063
(27, 28) 0.184151 0.695211 0.499665
(27, 29) 0.196087 0.695139 0.499104
(27, 30) 0.195107 0.693750 0.498685
(27, 31) 0.198565 0.693549 0.498666
(27, 32) 0.202927 0.693543 0.498660
(27, 33) 0.208777 0.693578 0.498714
(27, 34) 0.221829 0.693622 0.498831
(27, 35) 0.234163 0.693621 0.498796
(27, 36) 0.236224 0.693572 0.498722
(27, 37) 0.395328 0.687934 0.493535
(27, 38) 0.983581 0.666683 0.473669
(27, 39) 0.984037 0.668483 0.475016
(28, 0) 0.022262 0.694020 0.500861
(28, 1) 0.021482 0.694385 0.500140
(28, 2) 0.023330 0.694988 0.499564
(28, 3) 0.022859 0.695209 0.499387
(28, 4) 0.025104 0.695194 0.499421
(28, 5) 0.029498 0.695311 0.499768
(28, 6) 0.032667 0.695177 0.500145
(28, 7) 0.036899 0.694059 0.500173
(28, 8) 0.037603 0.693912 0.501189
(28, 9) 0.039217 0.693949 0.500859
(28, 10) 0.041620 0.694160 0.500299
(28, 11) 0.043780 0.694316 0.500184
(28, 12) 0.045192 0.694422 0.500085
(28, 13) 0.047187 0.694143 0.499819
(28, 14) 0.051351 0.693911 0.500397
(28, 15) 0.056354 0.693903 0.499862
(28, 16) 0.061770 0.694027 0.499852
(28, 17) 0.069592 0.694082 0.500068
(28, 18) 0.079532 0.694051 0.499958
(28, 19) 0.086602 0.693954 0.499375
(28, 20) 0.089533 0.693852 0.499122
(28, 21) 0.092006 0.693829 0.498927
(28, 22) 0.093717 0.693787 0.498830
(28, 23) 0.103056 0.695487 0.500404
(28, 24) 0.131970 0.699935 0.504263
(28, 25) 0.198976 0.699241 0.502726
(28, 26) 0.311552 0.694606 0.498808
(28, 27) 0.196201 0.693659 0.498850
(28, 28) 0.218567 0.694689 0.499388
(28, 29) 0.221103 0.693890 0.498717
(28, 30) 0.204568 0.693533 0.498708
(28, 31) 0.204482 0.693369 0.498546
(28, 32) 0.207047 0.693382 0.498532
(28, 33) 0.220730 0.693092 0.498318
(28, 34) 0.336792 0.691420 0.499618
(28, 35) 0.487160 0.692210 0.498704
(28, 36) 0.490091 0.691782 0.497522
(28, 37) 0.989354 0.682970 0.490168
(28, 38) 0.987746 0.675686 0.482230
(28, 39) 0.989661 0.680903 0.485524
(29, 0) 0.018275 0.694455 0.499423
(29, 1) 0.018516 0.694737 0.499478
(29, 2) 0.019121 0.695162 0.499639
(29, 3) 0.020059 0.695384 0.499688
(29, 4) 0.021177 0.695342 0.499715
(29, 5) 0.023928 0.695719 0.500163
(29, 6) 0.027056 0.696102 0.500589
(29, 7) 0.031753 0.694832 0.501694
(29, 8) 0.034257 0.693919 0.503000
(29, 9) 0.034758 0.694748 0.501829
(29, 10) 0.038304 0.695313 0.500908
(29, 11) 0.040676 0.696040 0.501039
(29, 12) 0.043464 0.695505 0.500508
(29, 13) 0.044901 0.695892 0.501233
(29, 14) 0.050737 0.694209 0.500830
(29, 15) 0.054280 0.694090 0.500387
(29, 16) 0.060383 0.694007 0.499886
(29, 17) 0.065101 0.693915 0.500122
(29, 18) 0.071817 0.694735 0.500891
(29, 19) 0.086313 0.694460 0.500665
(29, 20) 0.090449 0.693915 0.499572
(29, 21) 0.092056 0.694059 0.499521
(29, 22) 0.098450 0.695044 0.499524
(29, 23) 0.359811 0.703667 0.498229
(29, 24) 0.254760 0.704056 0.502536
(29, 25) 0.707298 0.695971 0.498027
(29, 26) 0.696308 0.695403 0.497005
(29, 27) 0.622729 0.694102 0.498224
(29, 28) 0.254796 0.693496 0.498426
(29, 29) 0.239667 0.693650 0.498776
(29, 30) 0.222282 0.693591 0.498728
(29, 31) 0.286377 0.686465 0.493513
(29, 32) 0.435628 0.686400 0.494270
(29, 33) 0.599679 0.689742 0.497527
(29, 34) 0.978644 0.687589 0.499820
(29, 35) 0.992043 0.689716 0.498401
(29, 36) 0.993102 0.689519 0.496433
(29, 37) 0.993310 0.688330 0.494306
(29, 38) 0.992952 0.687508 0.491612
(29, 39) 0.994200 0.689064 0.491002
(30, 0) 0.017240 0.694513 0.499234
(30, 1) 0.017545 0.694831 0.499407
(30, 2) 0.017903 0.695324 0.499770
(30, 3) 0.018546 0.695618 0.499828
(30, 4) 0.019269 0.695604 0.500074
(30, 5) 0.019436 0.695974 0.500493
(30, 6) 0.021337 0.696329 0.500669
(30, 7) 0.022536 0.696350 0.500729
(30, 8) 0.030070 0.695635 0.502149
(30, 9) 0.031355 0.696344 0.501410
(30, 10) 0.032974 0.697356 0.501408
(30, 11) 0.034489 0.698144 0.501907
(30, 12) 0.037894 0.698315 0.501794
(30, 13) 0.037155 0.699187 0.502676
(30, 14) 0.044672 0.696680 0.501511
(30, 15) 0.046932 0.696933 0.499327
(30, 16) 0.056607 0.696637 0.499613
(30, 17) 0.061203 0.695496 0.501482
(30, 18) 0.059213 0.697532 0.503628
(30, 19) 0.080719 0.702470 0.507454
(30, 20) 0.135250 0.712481 0.505343
(30, 21) 0.114782 0.707000 0.508666
(30, 22) 0.571394 0.703980 0.500590
(30, 23) 0.647756 0.697321 0.493108
(30, 24) 0.848687 0.694563 0.496306
(30, 25) 0.870095 0.694682 0.498095
(30, 26) 0.838370 0.694729 0.498265
(30, 27) 0.861172 0.694297 0.498442
(30, 28) 0.710661 0.694173 0.498437
(30, 29) 0.575441 0.693987 0.498863
(30, 30) 0.763021 0.690140 0.495865
(30, 31) 0.914907 0.657089 0.473774
(30, 32) 0.963687 0.675660 0.486250
(30, 33) 0.976358 0.687227 0.493026
(30, 34) 0.988678 0.690077 0.497515
(30, 35) 0.993100 0.691042 0.497958
(30, 36) 0.994116 0.690819 0.497420
(30, 37) 0.995208 0.690571 0.496111
(30, 38) 0.995583 0.691075 0.494148
(30, 39) 0.996666 0.692713 0.493147
(31, 0) 0.016696 0.694684 0.499247
(31, 1) 0.016812 0.695000 0.499576
(31, 2) 0.017110 0.695378 0.499741
(31, 3) 0.017441 0.695770 0.499858
(31, 4) 0.017702 0.695995 0.500159
(31, 5) 0.017870 0.696291 0.500562
(31, 6) 0.018088 0.696591 0.500662
(31, 7) 0.018393 0.696936 0.500825
(31, 8) 0.020872 0.697279 0.501215
(31, 9) 0.025876 0.697388 0.501320
(31, 10) 0.029396 0.698399 0.501985
(31, 11) 0.030299 0.698739 0.502330
(31, 12) 0.031935 0.699208 0.502671
(31, 13) 0.034564 0.699865 0.503220
(31, 14) 0.036805 0.699915 0.500027
(31, 15) 0.039092 0.703304 0.496258
(31, 16) 0.043027 0.704151 0.497913
(31, 17) 0.049202 0.700519 0.503927
(31, 18) 0.056968 0.701429 0.506531
(31, 19) 0.128160 0.719716 0.512152
(31, 20) 0.205766 0.740904 0.509163
(31, 21) 0.458444 0.718990 0.505698
(31, 22) 0.683289 0.703853 0.499062
(31, 23) 0.782301 0.697595 0.497001
(31, 24) 0.877949 0.694430 0.497274
(31, 25) 0.885504 0.694159 0.498031
(31, 26) 0.886676 0.694700 0.498504
(31, 27) 0.880115 0.694643 0.498712
(31, 28) 0.925095 0.695220 0.499070
(31, 29) 0.948958 0.694646 0.499137
(31, 30) 0.955212 0.694712 0.499233
(31, 31) 0.960891 0.689037 0.494794
(31, 32) 0.982307 0.687397 0.493076
(31, 33) 0.986208 0.690819 0.493600
(31, 34) 0.991108 0.691392 0.496131
(31, 35) 0.993554 0.692222 0.497343
(31, 36) 0.994919 0.692262 0.497480
(31, 37) 0.995985 0.692190 0.497062
(31, 38) 0.996900 0.693348 0.496011
(31, 39) 0.998103 0.694510 0.495425
(32, 0) 0.016144 0.694832 0.499317
(32, 1) 0.016262 0.695122 0.499657
(32, 2) 0.016583 0.695415 0.499930
(32, 3) 0.016823 0.695805 0.500062
(32, 4) 0.017102 0.696084 0.500381
(32, 5) 0.017173 0.696422 0.500639
(32, 6) 0.017411 0.696847 0.500775
(32, 7) 0.017776 0.697129 0.500856
(32, 8) 0.018405 0.697264 0.501055
(32, 9) 0.020081 0.697489 0.501254
(32, 10) 0.024688 0.698160 0.501874
(32, 11) 0.028438 0.698839 0.502468
(32, 12) 0.029714 0.699454 0.502901
(32, 13) 0.030591 0.700205 0.503451
(32, 14) 0.032317 0.703159 0.499268
(32, 15) 0.034588 0.707477 0.496089
(32, 16) 0.040140 0.706445 0.499170
(32, 17) 0.044941 0.703498 0.504532
(32, 18) 0.055827 0.706954 0.508681
(32, 19) 0.127410 0.727866 0.515454
(32, 20) 0.191054 0.740805 0.511520
(32, 21) 0.600160 0.705825 0.499124
(32, 22) 0.674534 0.704965 0.499066
(32, 23) 0.772075 0.698642 0.497096
(32, 24) 0.887746 0.693947 0.497670
(32, 25) 0.891522 0.693760 0.498171
(32, 26) 0.896467 0.693974 0.498168
(32, 27) 0.929855 0.694331 0.498795
(32, 28) 0.949519 0.695829 0.499154
(32, 29) 0.958804 0.694856 0.498870
(32, 30) 0.963426 0.694660 0.498732
(32, 31) 0.978103 0.693214 0.496785
(32, 32) 0.984857 0.692577 0.494977
(32, 33) 0.987721 0.692691 0.493918
(32, 34) 0.991367 0.693369 0.495354
(32, 35) 0.993830 0.693668 0.496742
(32, 36) 0.994754 0.693649 0.497394
(32, 37) 0.995629 0.693532 0.497805
(32, 38) 0.996920 0.693926 0.497823
(32, 39) 0.998176 0.694625 0.497322
(33, 0) 0.015492 0.694853 0.499332
(33, 1) 0.015678 0.695158 0.499667
(33, 2) 0.015846 0.695518 0.499959
(33, 3) 0.016285 0.695894 0.500206
(33, 4) 0.016475 0.696288 0.500523
(33, 5) 0.016788 0.696631 0.500775
(33, 6) 0.016934 0.696928 0.500891
(33, 7) 0.017368 0.697196 0.501044
(33, 8) 0.017834 0.697381 0.501294
(33, 9) 0.018505 0.697522 0.501354
(33, 10) 0.020047 0.697929 0.501646
(33, 11) 0.025021 0.698491 0.502210
(33, 12) 0.025652 0.699475 0.502998
(33, 13) 0.027220 0.700282 0.504353
(33, 14) 0.028370 0.703652 0.502412
(33, 15) 0.033749 0.710383 0.498550
(33, 16) 0.035877 0.707492 0.502922
(33, 17) 0.040944 0.704510 0.506140
(33, 18) 0.043567 0.705766 0.507256
(33, 19) 0.062519 0.711355 0.511266
(33, 20) 0.545616 0.707539 0.500843
(33, 21) 0.646935 0.700017 0.499937
(33, 22) 0.657893 0.702678 0.499683
(33, 23) 0.787564 0.701198 0.499578
(33, 24) 0.901648 0.694719 0.497802
(33, 25) 0.899380 0.693929 0.498305
(33, 26) 0.927797 0.694118 0.498697
(33, 27) 0.932510 0.693973 0.498717
(33, 28) 0.937041 0.694226 0.498751
(33, 29) 0.967448 0.694395 0.498684
(33, 30) 0.972470 0.694403 0.498777
(33, 31) 0.980893 0.693943 0.498236
(33, 32) 0.984774 0.693606 0.497594
(33, 33) 0.987979 0.693677 0.496779
(33, 34) 0.990985 0.693766 0.497133
(33, 35) 0.992993 0.693758 0.497553
(33, 36) 0.994283 0.693897 0.498093
(33, 37) 0.995045 0.693883 0.498479
(33, 38) 0.996064 0.693829 0.498688
(33, 39) 0.997400 0.694134 0.498540
(34, 0) 0.014995 0.694854 0.499371
(34, 1) 0.015136 0.695250 0.499680
(34, 2) 0.015285 0.695555 0.500013
(34, 3) 0.015565 0.695926 0.500313
(34, 4) 0.015882 0.696353 0.500554
(34, 5) 0.016232 0.696677 0.500748
(34, 6) 0.016656 0.697080 0.501035
(34, 7) 0.016967 0.697342 0.501260
(34, 8) 0.017443 0.697493 0.501394
(34, 9) 0.017947 0.697695 0.501522
(34, 10) 0.018995 0.698065 0.501762
(34, 11) 0.020546 0.698999 0.502103
(34, 12) 0.022002 0.699768 0.502521
(34, 13) 0.023383 0.700437 0.503517
(34, 14) 0.024013 0.701497 0.504191
(34, 15) 0.029037 0.705862 0.504940
(34, 16) 0.032186 0.704838 0.506435
(34, 17) 0.035592 0.704899 0.506555
(34, 18) 0.040355 0.705549 0.507002
(34, 19) 0.045748 0.707486 0.508491
(34, 20) 0.574937 0.704034 0.500311
(34, 21) 0.639398 0.701190 0.500825
(34, 22) 0.717704 0.703276 0.500085
(34, 23) 0.894828 0.697082 0.500666
(34, 24) 0.907254 0.695291 0.498793
(34, 25) 0.912445 0.694523 0.498765
(34, 26) 0.915175 0.694114 0.498437
(34, 27) 0.929018 0.693382 0.497835
(34, 28) 0.963622 0.693233 0.497668
(34, 29) 0.971638 0.694104 0.498558
(34, 30) 0.977026 0.694158 0.498812
(34, 31) 0.983699 0.693934 0.498568
(34, 32) 0.985568 0.693833 0.498387
(34, 33) 0.987543 0.693924 0.498267
(34, 34) 0.990092 0.693779 0.498187
(34, 35) 0.992230 0.693729 0.498313
(34, 36) 0.993609 0.693816 0.498559
(34, 37) 0.994436 0.693929 0.498801
(34, 38) 0.995281 0.693804 0.498969
(34, 39) 0.996562 0.694115 0.499154
(35, 0) 0.014595 0.694962 0.499466
(35, 1) 0.014750 0.695283 0.499833
(35, 2) 0.014927 0.695603 0.500176
(35, 3) 0.015152 0.695963 0.500453
(35, 4) 0.015474 0.696391 0.500591
(35, 5) 0.015737 0.696787 0.500773
(35, 6) 0.016181 0.697151 0.501084
(35, 7) 0.016621 0.697423 0.501338
(35, 8) 0.017045 0.697653 0.501476
(35, 9) 0.017571 0.697958 0.501620
(35, 10) 0.018409 0.698625 0.502056
(35, 11) 0.019371 0.699111 0.502303
(35, 12) 0.020458 0.700065 0.502998
(35, 13) 0.022444 0.701420 0.503948
(35, 14) 0.024573 0.703128 0.505218
(35, 15) 0.027795 0.704893 0.506629
(35, 16) 0.030306 0.705238 0.506925
(35, 17) 0.032895 0.705381 0.507003
(35, 18) 0.039106 0.707637 0.508732
(35, 19) 0.049111 0.709037 0.509599
(35, 20) 0.319457 0.717443 0.514108
(35, 21) 0.635303 0.706387 0.503357
(35, 22) 0.749770 0.704218 0.504286
(35, 23) 0.884114 0.700233 0.502701
(35, 24) 0.902409 0.697815 0.500188
(35, 25) 0.911362 0.695740 0.499383
(35, 26) 0.923312 0.692968 0.497890
(35, 27) 0.935359 0.689699 0.492445
(35, 28) 0.953922 0.691984 0.495383
(35, 29) 0.972565 0.694211 0.498486
(35, 30) 0.978629 0.694387 0.498844
(35, 31) 0.983454 0.694139 0.498886
(35, 32) 0.986097 0.694037 0.498763
(35, 33) 0.988218 0.694062 0.498671
(35, 34) 0.990141 0.694099 0.498611
(35, 35) 0.991937 0.693972 0.498675
(35, 36) 0.993216 0.694040 0.498821
(35, 37) 0.994141 0.694203 0.498985
(35, 38) 0.995232 0.694443 0.499281
(35, 39) 0.996480 0.694881 0.499439
(36, 0) 0.014088 0.695044 0.499584
(36, 1) 0.014307 0.695401 0.499983
(36, 2) 0.014506 0.695765 0.500303
(36, 3) 0.014801 0.696172 0.500444
(36, 4) 0.015171 0.696486 0.500597
(36, 5) 0.015427 0.696746 0.500837
(36, 6) 0.015723 0.697008 0.501185
(36, 7) 0.016166 0.697448 0.501454
(36, 8) 0.016772 0.697990 0.501630
(36, 9) 0.017354 0.698508 0.501982
(36, 10) 0.017952 0.698996 0.502447
(36, 11) 0.018992 0.699744 0.502985
(36, 12) 0.020142 0.700551 0.503745
(36, 13) 0.021075 0.701496 0.504284
(36, 14) 0.024205 0.704045 0.506030
(36, 15) 0.026564 0.705444 0.507024
(36, 16) 0.028633 0.705837 0.507225
(36, 17) 0.033772 0.707440 0.508559
(36, 18) 0.040213 0.710809 0.510984
(36, 19) 0.064830 0.723143 0.519760
(36, 20) 0.132064 0.763161 0.542887
(36, 21) 0.479441 0.722408 0.516781
(36, 22) 0.840153 0.702232 0.503582
(36, 23) 0.884893 0.700886 0.503209
(36, 24) 0.898796 0.701223 0.502333
(36, 25) 0.928473 0.696743 0.502096
(36, 26) 0.932615 0.693904 0.501802
(36, 27) 0.938844 0.692880 0.497617
(36, 28) 0.963355 0.694625 0.498917
(36, 29) 0.973640 0.695195 0.499385
(36, 30) 0.980093 0.694899 0.499400
(36, 31) 0.984120 0.694548 0.499431
(36, 32) 0.986764 0.694435 0.499203
(36, 33) 0.988804 0.694469 0.498923
(36, 34) 0.990570 0.694620 0.499055
(36, 35) 0.991880 0.694420 0.498920
(36, 36) 0.993093 0.694509 0.499119
(36, 37) 0.994370 0.694823 0.499428
(36, 38) 0.995691 0.695559 0.499835
(36, 39) 0.997059 0.696025 0.499981
(37, 0) 0.013295 0.695230 0.499654
(37, 1) 0.013629 0.695667 0.500023
(37, 2) 0.013943 0.696107 0.500264
(37, 3) 0.014292 0.696499 0.500301
(37, 4) 0.014732 0.696725 0.500579
(37, 5) 0.015180 0.696840 0.501026
(37, 6) 0.015442 0.697019 0.501375
(37, 7) 0.015743 0.697473 0.501585
(37, 8) 0.016336 0.698250 0.501908
(37, 9) 0.017064 0.699075 0.502482
(37, 10) 0.017739 0.699668 0.503042
(37, 11) 0.018347 0.700473 0.503518
(37, 12) 0.019609 0.701390 0.504111
(37, 13) 0.021215 0.703174 0.505297
(37, 14) 0.022291 0.704867 0.506603
(37, 15) 0.024820 0.705796 0.507192
(37, 16) 0.025536 0.708237 0.508947
(37, 17) 0.028713 0.710646 0.510522
(37, 18) 0.042349 0.722474 0.519337
(37, 19) 0.062934 0.754711 0.539837
(37, 20) 0.108811 0.765409 0.543932
(37, 21) 0.135602 0.825790 0.585112
(37, 22) 0.861577 0.705305 0.506807
(37, 23) 0.884212 0.700126 0.503118
(37, 24) 0.926954 0.699023 0.504606
(37, 25) 0.935054 0.698756 0.502310
(37, 26) 0.936682 0.696798 0.502604
(37, 27) 0.954971 0.696823 0.502804
(37, 28) 0.968027 0.696583 0.503324
(37, 29) 0.974983 0.696604 0.501343
(37, 30) 0.981511 0.696441 0.500510
(37, 31) 0.985238 0.695361 0.500068
(37, 32) 0.987368 0.695255 0.500036
(37, 33) 0.989445 0.694800 0.499737
(37, 34) 0.991130 0.694801 0.499746
(37, 35) 0.992153 0.694646 0.499546
(37, 36) 0.993271 0.695176 0.499668
(37, 37) 0.994559 0.696198 0.499981
(37, 38) 0.996229 0.697058 0.500815
(37, 39) 0.997705 0.697991 0.501565
(38, 0) 0.012613 0.695323 0.499799
(38, 1) 0.012872 0.695645 0.500152
(38, 2) 0.013196 0.696167 0.500466
(38, 3) 0.013583 0.696662 0.500703
(38, 4) 0.014056 0.696911 0.500929
(38, 5) 0.014582 0.697047 0.501189
(38, 6) 0.015024 0.697216 0.501365
(38, 7) 0.015293 0.697728 0.501522
(38, 8) 0.015999 0.699063 0.502432
(38, 9) 0.016880 0.699636 0.503025
(38, 10) 0.017415 0.700263 0.503559
(38, 11) 0.018005 0.700950 0.504123
(38, 12) 0.018605 0.702280 0.504775
(38, 13) 0.019982 0.704032 0.506026
(38, 14) 0.021037 0.705157 0.506796
(38, 15) 0.022767 0.707885 0.508872
(38, 16) 0.024637 0.710626 0.510783
(38, 17) 0.026422 0.714145 0.513370
(38, 18) 0.037217 0.732977 0.526780
(38, 19) 0.046504 0.746876 0.536806
(38, 20) 0.091325 0.812423 0.580756
(38, 21) 0.160182 0.962755 0.690591
(38, 22) 0.232857 0.881427 0.671461
(38, 23) 0.807063 0.697246 0.673023
(38, 24) 0.919443 0.696907 0.522250
(38, 25) 0.933787 0.699245 0.505954
(38, 26) 0.947167 0.694197 0.510438
(38, 27) 0.968650 0.694565 0.514900
(38, 28) 0.978337 0.693680 0.512825
(38, 29) 0.980784 0.697183 0.507269
(38, 30) 0.984906 0.699888 0.502356
(38, 31) 0.987083 0.697597 0.500996
(38, 32) 0.988632 0.696020 0.501107
(38, 33) 0.990274 0.694376 0.501884
(38, 34) 0.992144 0.694163 0.500910
(38, 35) 0.993402 0.694142 0.500578
(38, 36) 0.993639 0.695719 0.500264
(38, 37) 0.994488 0.697774 0.500822
(38, 38) 0.996390 0.698906 0.502162
(38, 39) 0.997837 0.700692 0.503915
(39, 0) 0.012345 0.695410 0.500026
(39, 1) 0.012448 0.695758 0.500376
(39, 2) 0.012731 0.696243 0.500791
(39, 3) 0.013002 0.696633 0.501082
(39, 4) 0.013441 0.696930 0.501244
(39, 5) 0.013976 0.697286 0.501412
(39, 6) 0.014482 0.697618 0.501505
(39, 7) 0.014631 0.698249 0.501802
(39, 8) 0.014803 0.699147 0.502711
(39, 9) 0.015970 0.699836 0.503291
(39, 10) 0.016737 0.700549 0.504046
(39, 11) 0.017361 0.701404 0.504764
(39, 12) 0.017714 0.702878 0.505548
(39, 13) 0.018325 0.704532 0.506402
(39, 14) 0.020148 0.706747 0.508027
(39, 15) 0.021216 0.709442 0.510108
(39, 16) 0.023099 0.710473 0.510853
(39, 17) 0.023666 0.713364 0.512883
(39, 18) 0.030401 0.722875 0.519658
(39, 19) 0.069016 0.786227 0.565016
(39, 20) 0.127558 0.890819 0.639692
(39, 21) 0.155812 0.950082 0.681838
(39, 22) 0.421533 0.831882 0.872085
(39, 23) 0.631176 0.698622 0.987577
(39, 24) 0.834834 0.701983 0.660180
(39, 25) 0.934608 0.705859 0.509646
(39, 26) 0.962810 0.701171 0.521677
(39, 27) 0.981761 0.695283 0.521014
(39, 28) 0.983796 0.695269 0.517334
(39, 29) 0.986393 0.698642 0.513051
(39, 30) 0.987788 0.701920 0.505806
(39, 31) 0.989055 0.700072 0.502387
(39, 32) 0.990187 0.696891 0.502351
(39, 33) 0.991288 0.694529 0.503101
(39, 34) 0.992996 0.693864 0.502361
(39, 35) 0.993965 0.694002 0.501524
(39, 36) 0.994161 0.695968 0.501569
(39, 37) 0.994318 0.698669 0.501743
(39, 38) 0.995857 0.701560 0.504291
(39, 39) 0.997484 0.703126 0.505977
