(0, 0) 0.998852 0.965683 0.501587
(0, 1) 0.998378 0.966086 0.501510
(0, 2) 0.997503 0.966950 0.501781
(0, 3) 0.997170 0.967318 0.501729
(0, 4) 0.996903 0.967713 0.501142
(0, 5) 0.996654 0.968056 0.500102
(0, 6) 0.996748 0.967949 0.499178
(0, 7) 0.997012 0.967112 0.499212
(0, 8) 0.996868 0.966268 0.499626
(0, 9) 0.996314 0.965960 0.499458
(0, 10) 0.995069 0.965995 0.499202
(0, 11) 0.994175 0.966067 0.498002
(0, 12) 0.993472 0.966624 0.498214
(0, 13) 0.992968 0.966067 0.498652
(0, 14) 0.992424 0.966067 0.499220
(0, 15) 0.990769 0.967643 0.497391
(0, 16) 0.988675 0.970711 0.492536
(0, 17) 0.987903 0.967870 0.494551
(0, 18) 0.987731 0.966651 0.495101
(0, 19) 0.987935 0.966447 0.495236
(0, 20) 0.991736 0.962503 0.498221
(0, 21) 0.992469 0.962473 0.498508
(0, 22) 0.993151 0.963162 0.499654
(0, 23) 0.993467 0.964149 0.500755
(0, 24) 0.993880 0.963727 0.501201
(0, 25) 0.994016 0.963276 0.502186
(0, 26) 0.994334 0.962881 0.503849
(0, 27) 0.994592 0.962561 0.504340
(0, 28) 0.995321 0.962898 0.504061
(0, 29) 0.996496 0.963931 0.502817
(0, 30) 0.995782 0.964293 0.501865
(0, 31) 0.995295 0.964330 0.501396
(0, 32) 0.995544 0.964403 0.500888
(0, 33) 0.996049 0.964430 0.500595
(0, 34) 0.997395 0.964077 0.500382
(0, 35) 0.998604 0.964048 0.500317
(0, 36) 0.998901 0.964236 0.499408
(0, 37) 0.999367 0.965334 0.499227
(0, 38) 0.997449 0.965380 0.498658
(0, 39) 0.996545 0.965835 0.497692
(1, 0) 0.998312 0.965747 0.502040
(1, 1) 0.997736 0.966332 0.502007
(1, 2) 0.997257 0.966754 0.502105
(1, 3) 0.996731 0.967202 0.502052
(1, 4) 0.996343 0.967491 0.501645
(1, 5) 0.996129 0.967689 0.500972
(1, 6) 0.996168 0.967348 0.500142
(1, 7) 0.996395 0.966581 0.500133
(1, 8) 0.996764 0.966163 0.500246
(1, 9) 0.995175 0.965975 0.499904
(1, 10) 0.994326 0.966066 0.499506
(1, 11) 0.994237 0.966756 0.499378
(1, 12) 0.993168 0.968211 0.499227
(1, 13) 0.992471 0.967368 0.499511
(1, 14) 0.991638 0.966119 0.499307
(1, 15) 0.990708 0.966154 0.499750
(1, 16) 0.988839 0.967257 0.497184
(1, 17) 0.987208 0.966182 0.496432
(1, 18) 0.987476 0.966385 0.495678
(1, 19) 0.988546 0.964706 0.498489
(1, 20) 0.991224 0.962882 0.498647
(1, 21) 0.991853 0.962721 0.498639
(1, 22) 0.992603 0.963795 0.499650
(1, 23) 0.993433 0.963999 0.500365
(1, 24) 0.993768 0.963389 0.500723
(1, 25) 0.994266 0.962943 0.501769
(1, 26) 0.994159 0.962523 0.502567
(1, 27) 0.994410 0.962194 0.503933
(1, 28) 0.995631 0.962290 0.503439
(1, 29) 0.996881 0.963637 0.502652
(1, 30) 0.996118 0.963752 0.501958
(1, 31) 0.995481 0.963968 0.501431
(1, 32) 0.995188 0.963824 0.500721
(1, 33) 0.996869 0.963806 0.500246
(1, 34) 0.997833 0.963440 0.500214
(1, 35) 0.998308 0.963167 0.500046
(1, 36) 0.998774 0.963052 0.499042
(1, 37) 0.997712 0.963919 0.499087
(1, 38) 0.996257 0.964614 0.498904
(1, 39) 0.996156 0.965124 0.498123
(2, 0) 0.997707 0.965627 0.502464
(2, 1) 0.997202 0.966021 0.502340
(2, 2) 0.996804 0.966533 0.502593
(2, 3) 0.996346 0.966987 0.502489
(2, 4) 0.996036 0.967219 0.502036
(2, 5) 0.995409 0.967095 0.501591
(2, 6) 0.995339 0.966722 0.501084
(2, 7) 0.995201 0.966208 0.500847
(2, 8) 0.995010 0.965746 0.500803
(2, 9) 0.993626 0.965943 0.500392
(2, 10) 0.993852 0.966202 0.500285
(2, 11) 0.993621 0.967577 0.500493
(2, 12) 0.993081 0.968595 0.500282
(2, 13) 0.992209 0.968347 0.500547
(2, 14) 0.990807 0.966906 0.500087
(2, 15) 0.989409 0.966100 0.500443
(2, 16) 0.988676 0.966066 0.500169
(2, 17) 0.987302 0.966066 0.498922
(2, 18) 0.985906 0.966958 0.498508
(2, 19) 0.984410 0.968308 0.500558
(2, 20) 0.988912 0.964550 0.499134
(2, 21) 0.991584 0.963724 0.499272
(2, 22) 0.992282 0.964541 0.499723
(2, 23) 0.992784 0.963605 0.500309
(2, 24) 0.993254 0.962952 0.500450
(2, 25) 0.993793 0.962375 0.501382
(2, 26) 0.993951 0.961886 0.502150
(2, 27) 0.994013 0.961440 0.502706
(2, 28) 0.994241 0.960434 0.502759
(2, 29) 0.995937 0.961910 0.502568
(2, 30) 0.995648 0.962626 0.501251
(2, 31) 0.995311 0.963356 0.500872
(2, 32) 0.995224 0.963047 0.500123
(2, 33) 0.995589 0.962580 0.499589
(2, 34) 0.997437 0.962459 0.500127
(2, 35) 0.998250 0.962218 0.500431
(2, 36) 0.997844 0.962743 0.499584
(2, 37) 0.996659 0.963229 0.499219
(2, 38) 0.996098 0.963562 0.498523
(2, 39) 0.995552 0.963920 0.497626
(3, 0) 0.996844 0.965540 0.502217
(3, 1) 0.996398 0.965895 0.502246
(3, 2) 0.996078 0.966166 0.502495
(3, 3) 0.995837 0.966441 0.502444
(3, 4) 0.995182 0.966593 0.501947
(3, 5) 0.994741 0.966724 0.501571
(3, 6) 0.994497 0.966352 0.501220
(3, 7) 0.994636 0.965960 0.500967
(3, 8) 0.994402 0.965613 0.500954
(3, 9) 0.993666 0.965657 0.500944
(3, 10) 0.993282 0.966154 0.500980
(3, 11) 0.993326 0.966782 0.501080
(3, 12) 0.992734 0.967680 0.500936
(3, 13) 0.991699 0.967627 0.500702
(3, 14) 0.989855 0.966667 0.500824
(3, 15) 0.988871 0.966169 0.500772
(3, 16) 0.987998 0.966066 0.500532
(3, 17) 0.986085 0.965743 0.500567
(3, 18) 0.985330 0.966983 0.500574
(3, 19) 0.983767 0.968500 0.500593
(3, 20) 0.984971 0.967610 0.500369
(3, 21) 0.985959 0.966208 0.499436
(3, 22) 0.990662 0.964332 0.500112
(3, 23) 0.992146 0.963127 0.500486
(3, 24) 0.992693 0.962838 0.500450
(3, 25) 0.992805 0.962114 0.500654
(3, 26) 0.993654 0.961822 0.501597
(3, 27) 0.993619 0.961068 0.501977
(3, 28) 0.994347 0.960244 0.502297
(3, 29) 0.995023 0.960600 0.501491
(3, 30) 0.995098 0.961129 0.500942
(3, 31) 0.994759 0.961500 0.500167
(3, 32) 0.995194 0.962333 0.499458
(3, 33) 0.996117 0.961775 0.499453
(3, 34) 0.996603 0.961448 0.499644
(3, 35) 0.997622 0.961576 0.499875
(3, 36) 0.997175 0.960911 0.498544
(3, 37) 0.996361 0.962587 0.497971
(3, 38) 0.995803 0.962797 0.497095
(3, 39) 0.995768 0.963279 0.496555
(4, 0) 0.996034 0.965227 0.502578
(4, 1) 0.995792 0.965715 0.502351
(4, 2) 0.995665 0.965998 0.502260
(4, 3) 0.995237 0.966106 0.502097
(4, 4) 0.994840 0.966077 0.501882
(4, 5) 0.994507 0.966213 0.501703
(4, 6) 0.994029 0.966139 0.501542
(4, 7) 0.994023 0.966066 0.501251
(4, 8) 0.993647 0.965386 0.501498
(4, 9) 0.992973 0.965562 0.501296
(4, 10) 0.992767 0.966161 0.501220
(4, 11) 0.992756 0.966645 0.501331
(4, 12) 0.992051 0.966862 0.501576
(4, 13) 0.990762 0.966968 0.501380
(4, 14) 0.986596 0.966281 0.501405
(4, 15) 0.987065 0.966066 0.501286
(4, 16) 0.985683 0.965666 0.500912
(4, 17) 0.985032 0.965370 0.500695
(4, 18) 0.983025 0.965806 0.501042
(4, 19) 0.983375 0.968420 0.500456
(4, 20) 0.983128 0.967546 0.499743
(4, 21) 0.984395 0.966401 0.499511
(4, 22) 0.985741 0.966233 0.499603
(4, 23) 0.990682 0.963909 0.500343
(4, 24) 0.990724 0.962853 0.500135
(4, 25) 0.992005 0.962229 0.500002
(4, 26) 0.992748 0.961492 0.501248
(4, 27) 0.993118 0.960367 0.501824
(4, 28) 0.993809 0.960428 0.502070
(4, 29) 0.994200 0.960431 0.501338
(4, 30) 0.994533 0.960997 0.500236
(4, 31) 0.994250 0.961068 0.499345
(4, 32) 0.994432 0.961332 0.498892
(4, 33) 0.995545 0.961784 0.499216
(4, 34) 0.996461 0.960148 0.498804
(4, 35) 0.996812 0.960361 0.497725
(4, 36) 0.996763 0.960337 0.496820
(4, 37) 0.996811 0.960901 0.495992
(4, 38) 0.996492 0.962496 0.496221
(4, 39) 0.996329 0.963314 0.496017
(5, 0) 0.995937 0.965315 0.503490
(5, 1) 0.995689 0.965146 0.503108
(5, 2) 0.995177 0.965847 0.502391
(5, 3) 0.994681 0.966057 0.502117
(5, 4) 0.994509 0.966053 0.502021
(5, 5) 0.994211 0.966078 0.501828
(5, 6) 0.993769 0.966066 0.501694
(5, 7) 0.993338 0.966040 0.501722
(5, 8) 0.992856 0.965875 0.501898
(5, 9) 0.992713 0.965578 0.501700
(5, 10) 0.992287 0.965777 0.501406
(5, 11) 0.991273 0.966185 0.501618
(5, 12) 0.990033 0.966258 0.501854
(5, 13) 0.987012 0.966105 0.501840
(5, 14) 0.984993 0.966122 0.501780
(5, 15) 0.984163 0.966101 0.501724
(5, 16) 0.983019 0.966066 0.501775
(5, 17) 0.982741 0.965151 0.501566
(5, 18) 0.982240 0.964924 0.501531
(5, 19) 0.981711 0.966379 0.500687
(5, 20) 0.982055 0.966854 0.499709
(5, 21) 0.982885 0.966656 0.499564
(5, 22) 0.983902 0.966061 0.499713
(5, 23) 0.987071 0.964125 0.500061
(5, 24) 0.989450 0.963172 0.500040
(5, 25) 0.990085 0.962853 0.499989
(5, 26) 0.991873 0.960755 0.500580
(5, 27) 0.992301 0.960579 0.500764
(5, 28) 0.993178 0.960251 0.501456
(5, 29) 0.993435 0.960026 0.500680
(5, 30) 0.993968 0.960238 0.499723
(5, 31) 0.994141 0.960589 0.498705
(5, 32) 0.994269 0.960846 0.497966
(5, 33) 0.995433 0.959444 0.498211
(5, 34) 0.995916 0.958868 0.497593
(5, 35) 0.996146 0.959258 0.497332
(5, 36) 0.996448 0.959305 0.496086
(5, 37) 0.997698 0.961110 0.495405
(5, 38) 0.997684 0.961627 0.495524
(5, 39) 0.997782 0.962957 0.493872
(6, 0) 0.996064 0.965760 0.503690
(6, 1) 0.995332 0.965693 0.503254
(6, 2) 0.994477 0.965959 0.502453
(6, 3) 0.994440 0.966013 0.502227
(6, 4) 0.994315 0.966048 0.502151
(6, 5) 0.994017 0.966039 0.502084
(6, 6) 0.993434 0.966065 0.501899
(6, 7) 0.992770 0.966066 0.501940
(6, 8) 0.992355 0.966029 0.502109
(6, 9) 0.991846 0.965848 0.502071
(6, 10) 0.990876 0.965772 0.501847
(6, 11) 0.989419 0.965495 0.501903
(6, 12) 0.988429 0.965803 0.501920
(6, 13) 0.986641 0.965895 0.501847
(6, 14) 0.984274 0.966091 0.501928
(6, 15) 0.983350 0.966066 0.501903
(6, 16) 0.982802 0.966000 0.502012
(6, 17) 0.982265 0.965867 0.502198
(6, 18) 0.981139 0.965469 0.501602
(6, 19) 0.979335 0.966045 0.500580
(6, 20) 0.979693 0.966516 0.500316
(6, 21) 0.981356 0.966077 0.499939
(6, 22) 0.979633 0.966066 0.500206
(6, 23) 0.981628 0.966046 0.499980
(6, 24) 0.986791 0.964151 0.500014
(6, 25) 0.985803 0.963564 0.499915
(6, 26) 0.986578 0.962923 0.499437
(6, 27) 0.991989 0.960903 0.500034
(6, 28) 0.992588 0.960806 0.499702
(6, 29) 0.993270 0.959807 0.499832
(6, 30) 0.993631 0.959526 0.499164
(6, 31) 0.993975 0.959549 0.498740
(6, 32) 0.994213 0.958576 0.498517
(6, 33) 0.994353 0.958160 0.497872
(6, 34) 0.994951 0.958381 0.497361
(6, 35) 0.995413 0.958548 0.496334
(6, 36) 0.995634 0.958058 0.495496
(6, 37) 0.995305 0.958785 0.494953
(6, 38) 0.997064 0.961016 0.493053
(6, 39) 0.998854 0.962737 0.490898
(7, 0) 0.995582 0.966269 0.503236
(7, 1) 0.994855 0.966156 0.502922
(7, 2) 0.994501 0.966093 0.502638
(7, 3) 0.994289 0.966066 0.502312
(7, 4) 0.994045 0.966051 0.502204
(7, 5) 0.993683 0.966066 0.502202
(7, 6) 0.993321 0.966066 0.502170
(7, 7) 0.992695 0.966066 0.502160
(7, 8) 0.991804 0.966066 0.502194
(7, 9) 0.990970 0.966050 0.502171
(7, 10) 0.990486 0.965989 0.502145
(7, 11) 0.988492 0.965892 0.502044
(7, 12) 0.987560 0.965953 0.502056
(7, 13) 0.986234 0.966015 0.502036
(7, 14) 0.984101 0.966016 0.502147
(7, 15) 0.983294 0.966078 0.502132
(7, 16) 0.982753 0.966066 0.502195
(7, 17) 0.982147 0.966004 0.502275
(7, 18) 0.980864 0.966052 0.502274
(7, 19) 0.977045 0.966065 0.501650
(7, 20) 0.978064 0.966066 0.500769
(7, 21) 0.977672 0.966066 0.500639
(7, 22) 0.977365 0.966066 0.500463
(7, 23) 0.978151 0.966066 0.500039
(7, 24) 0.981452 0.964820 0.499210
(7, 25) 0.982357 0.964590 0.498181
(7, 26) 0.983905 0.963820 0.499313
(7, 27) 0.987980 0.962579 0.499510
(7, 28) 0.992611 0.961230 0.499716
(7, 29) 0.990888 0.959594 0.499021
(7, 30) 0.992735 0.959438 0.498958
(7, 31) 0.993456 0.957787 0.498705
(7, 32) 0.993893 0.957429 0.499005
(7, 33) 0.993790 0.957530 0.498163
(7, 34) 0.993485 0.957372 0.496533
(7, 35) 0.994083 0.957625 0.495578
(7, 36) 0.994278 0.957733 0.494523
(7, 37) 0.993658 0.958452 0.494204
(7, 38) 0.994017 0.958786 0.494034
(7, 39) 0.996434 0.959352 0.491849
(8, 0) 0.995377 0.966662 0.502784
(8, 1) 0.994871 0.966574 0.502610
(8, 2) 0.994525 0.966435 0.502506
(8, 3) 0.994170 0.966336 0.502361
(8, 4) 0.993810 0.966066 0.502202
(8, 5) 0.993462 0.966066 0.502243
(8, 6) 0.993200 0.966066 0.502202
(8, 7) 0.992818 0.966066 0.502202
(8, 8) 0.991436 0.966063 0.502221
(8, 9) 0.990242 0.966040 0.502165
(8, 10) 0.989565 0.966065 0.502194
(8, 11) 0.988308 0.966066 0.502216
(8, 12) 0.987581 0.966033 0.502167
(8, 13) 0.986477 0.966021 0.502210
(8, 14) 0.984355 0.965991 0.502245
(8, 15) 0.983250 0.966088 0.502261
(8, 16) 0.982523 0.966084 0.502211
(8, 17) 0.981502 0.966173 0.502318
(8, 18) 0.977471 0.966065 0.502102
(8, 19) 0.975935 0.966066 0.502051
(8, 20) 0.974959 0.966066 0.501847
(8, 21) 0.973236 0.966062 0.501044
(8, 22) 0.973966 0.965973 0.500198
(8, 23) 0.975609 0.966059 0.499698
(8, 24) 0.977602 0.966062 0.497860
(8, 25) 0.978217 0.966449 0.496833
(8, 26) 0.981961 0.964757 0.498147
(8, 27) 0.984245 0.961262 0.499003
(8, 28) 0.988777 0.959519 0.498803
(8, 29) 0.988885 0.958729 0.498393
(8, 30) 0.989817 0.957410 0.497708
(8, 31) 0.991359 0.957152 0.497580
(8, 32) 0.992872 0.956848 0.498447
(8, 33) 0.993192 0.956675 0.497061
(8, 34) 0.993218 0.956210 0.495996
(8, 35) 0.993463 0.956644 0.494590
(8, 36) 0.993284 0.957065 0.493786
(8, 37) 0.993202 0.957767 0.494098
(8, 38) 0.994426 0.957284 0.492420
(8, 39) 0.995879 0.956639 0.490978
(9, 0) 0.995037 0.966880 0.502598
(9, 1) 0.994712 0.966727 0.502472
(9, 2) 0.994475 0.966731 0.502442
(9, 3) 0.994203 0.966733 0.502481
(9, 4) 0.993718 0.966362 0.502434
(9, 5) 0.993287 0.966098 0.502350
(9, 6) 0.992920 0.966087 0.502288
(9, 7) 0.992045 0.966066 0.502253
(9, 8) 0.990563 0.966034 0.502243
(9, 9) 0.990056 0.966031 0.502212
(9, 10) 0.989551 0.966042 0.502227
(9, 11) 0.988539 0.966066 0.502249
(9, 12) 0.987201 0.966153 0.502263
(9, 13) 0.986144 0.966051 0.502202
(9, 14) 0.984725 0.966049 0.502302
(9, 15) 0.982774 0.966262 0.502358
(9, 16) 0.981424 0.966292 0.502322
(9, 17) 0.979734 0.966176 0.502271
(9, 18) 0.978228 0.966367 0.502358
(9, 19) 0.973970 0.966155 0.502101
(9, 20) 0.972258 0.966066 0.501927
(9, 21) 0.972094 0.966012 0.501241
(9, 22) 0.971323 0.965866 0.500822
(9, 23) 0.972926 0.965956 0.500108
(9, 24) 0.971686 0.967848 0.499074
(9, 25) 0.977041 0.966868 0.497253
(9, 26) 0.977588 0.965428 0.498471
(9, 27) 0.983069 0.960369 0.499007
(9, 28) 0.984491 0.959765 0.498922
(9, 29) 0.988467 0.957878 0.497951
(9, 30) 0.989813 0.955953 0.496883
(9, 31) 0.990530 0.956040 0.496925
(9, 32) 0.991435 0.955500 0.497601
(9, 33) 0.992681 0.955018 0.496605
(9, 34) 0.993462 0.955716 0.495492
(9, 35) 0.993080 0.955868 0.494595
(9, 36) 0.992952 0.956494 0.493757
(9, 37) 0.991934 0.955320 0.492595
(9, 38) 0.992874 0.955336 0.490761
(9, 39) 0.994803 0.954765 0.489830
(10, 0) 0.995042 0.967305 0.502674
(10, 1) 0.994715 0.967093 0.502567
(10, 2) 0.994126 0.967044 0.502495
(10, 3) 0.993884 0.966873 0.502461
(10, 4) 0.993516 0.966703 0.502460
(10, 5) 0.993174 0.966441 0.502494
(10, 6) 0.992506 0.966403 0.502362
(10, 7) 0.991920 0.966108 0.502272
(10, 8) 0.990935 0.966070 0.502304
(10, 9) 0.989911 0.966082 0.502251
(10, 10) 0.989145 0.966067 0.502327
(10, 11) 0.988060 0.966246 0.502376
(10, 12) 0.986840 0.966366 0.502406
(10, 13) 0.985643 0.966269 0.502339
(10, 14) 0.984189 0.966196 0.502477
(10, 15) 0.982354 0.966286 0.502518
(10, 16) 0.979902 0.966166 0.502293
(10, 17) 0.979168 0.966122 0.502244
(10, 18) 0.976097 0.966191 0.502260
(10, 19) 0.972498 0.966294 0.502308
(10, 20) 0.972086 0.966179 0.502207
(10, 21) 0.971419 0.965975 0.501866
(10, 22) 0.970910 0.965797 0.501034
(10, 23) 0.970258 0.966931 0.500477
(10, 24) 0.970057 0.968051 0.499492
(10, 25) 0.971668 0.967851 0.499076
(10, 26) 0.981561 0.961239 0.498927
(10, 27) 0.982644 0.960146 0.499074
(10, 28) 0.983662 0.959804 0.498910
(10, 29) 0.984672 0.957072 0.497252
(10, 30) 0.989762 0.955728 0.496429
(10, 31) 0.989786 0.955125 0.495848
(10, 32) 0.990746 0.954441 0.496097
(10, 33) 0.992262 0.954386 0.496122
(10, 34) 0.993394 0.953293 0.495182
(10, 35) 0.993249 0.955488 0.494354
(10, 36) 0.991077 0.954058 0.492591
(10, 37) 0.990116 0.952234 0.491506
(10, 38) 0.992301 0.950545 0.488875
(10, 39) 0.994414 0.950067 0.486549
(11, 0) 0.994817 0.967393 0.502778
(11, 1) 0.994359 0.967384 0.502834
(11, 2) 0.993937 0.967403 0.502791
(11, 3) 0.993543 0.967143 0.502646
(11, 4) 0.993287 0.966807 0.502492
(11, 5) 0.992975 0.966701 0.502466
(11, 6) 0.992685 0.966681 0.502455
(11, 7) 0.992200 0.966620 0.502426
(11, 8) 0.990418 0.966419 0.502362
(11, 9) 0.990040 0.966498 0.502439
(11, 10) 0.989199 0.966340 0.502409
(11, 11) 0.987774 0.966353 0.502450
(11, 12) 0.985694 0.966921 0.502371
(11, 13) 0.984358 0.966505 0.502430
(11, 14) 0.983948 0.966371 0.502529
(11, 15) 0.982804 0.966475 0.502709
(11, 16) 0.978926 0.966490 0.502501
(11, 17) 0.978417 0.966155 0.502250
(11, 18) 0.973303 0.966536 0.502411
(11, 19) 0.972022 0.966420 0.502391
(11, 20) 0.971548 0.966234 0.502323
(11, 21) 0.969588 0.966261 0.502121
(11, 22) 0.969114 0.965908 0.501417
(11, 23) 0.966780 0.966709 0.500528
(11, 24) 0.969259 0.967791 0.499315
(11, 25) 0.966662 0.965696 0.498747
(11, 26) 0.975291 0.961822 0.499981
(11, 27) 0.977745 0.961143 0.499609
(11, 28) 0.980646 0.958497 0.498251
(11, 29) 0.979694 0.958384 0.498213
(11, 30) 0.986385 0.955923 0.496802
(11, 31) 0.989953 0.954107 0.495678
(11, 32) 0.990092 0.953543 0.495701
(11, 33) 0.991347 0.952165 0.495089
(11, 34) 0.993652 0.950023 0.493532
(11, 35) 0.992502 0.948769 0.493745
(11, 36) 0.991774 0.947035 0.492450
(11, 37) 0.990405 0.944161 0.489963
(11, 38) 0.991759 0.944585 0.487099
(11, 39) 0.993162 0.947258 0.486643
(12, 0) 0.994635 0.967401 0.502849
(12, 1) 0.994223 0.967436 0.502938
(12, 2) 0.993810 0.967441 0.503022
(12, 3) 0.993492 0.967476 0.502918
(12, 4) 0.993393 0.966945 0.502796
(12, 5) 0.993143 0.966350 0.502913
(12, 6) 0.992360 0.966836 0.502481
(12, 7) 0.991985 0.966829 0.502622
(12, 8) 0.990772 0.966936 0.502574
(12, 9) 0.990046 0.966693 0.502527
(12, 10) 0.988996 0.966995 0.502684
(12, 11) 0.985626 0.967117 0.502186
(12, 12) 0.984391 0.967209 0.502292
(12, 13) 0.984028 0.967036 0.502545
(12, 14) 0.982702 0.967152 0.502796
(12, 15) 0.978397 0.966711 0.502685
(12, 16) 0.976213 0.966897 0.502633
(12, 17) 0.974261 0.966808 0.502577
(12, 18) 0.966757 0.966585 0.502541
(12, 19) 0.966807 0.966220 0.502134
(12, 20) 0.968160 0.966216 0.502146
(12, 21) 0.966652 0.966150 0.501571
(12, 22) 0.965890 0.966243 0.501152
(12, 23) 0.963549 0.966064 0.500391
(12, 24) 0.962402 0.966066 0.498274
(12, 25) 0.964475 0.965673 0.498223
(12, 26) 0.967748 0.962688 0.498842
(12, 27) 0.970436 0.962532 0.500258
(12, 28) 0.973859 0.960290 0.498619
(12, 29) 0.979513 0.958473 0.498249
(12, 30) 0.980091 0.957836 0.497928
(12, 31) 0.984689 0.952952 0.495394
(12, 32) 0.990517 0.952094 0.495210
(12, 33) 0.990929 0.950769 0.494789
(12, 34) 0.991022 0.949522 0.494052
(12, 35) 0.991307 0.947662 0.494004
(12, 36) 0.990330 0.942630 0.491820
(12, 37) 0.989927 0.940271 0.490745
(12, 38) 0.990544 0.941647 0.489482
(12, 39) 0.991026 0.939191 0.486513
(13, 0) 0.994577 0.966704 0.503330
(13, 1) 0.994204 0.966848 0.503603
(13, 2) 0.993935 0.967268 0.503604
(13, 3) 0.993623 0.966976 0.503341
(13, 4) 0.993450 0.966066 0.503377
(13, 5) 0.993318 0.966066 0.503305
(13, 6) 0.993009 0.966106 0.503081
(13, 7) 0.991949 0.966301 0.502933
(13, 8) 0.991370 0.966211 0.503203
(13, 9) 0.988985 0.966999 0.502692
(13, 10) 0.986400 0.967420 0.502944
(13, 11) 0.984616 0.967833 0.503119
(13, 12) 0.983919 0.967339 0.502661
(13, 13) 0.982830 0.967456 0.503160
(13, 14) 0.980503 0.968349 0.503616
(13, 15) 0.977081 0.968343 0.503013
(13, 16) 0.974013 0.967238 0.502809
(13, 17) 0.966177 0.967786 0.503144
(13, 18) 0.965484 0.966513 0.502364
(13, 19) 0.965357 0.966164 0.502169
(13, 20) 0.964969 0.966041 0.502131
(13, 21) 0.964778 0.965983 0.501935
(13, 22) 0.962485 0.966096 0.501520
(13, 23) 0.961070 0.966065 0.499887
(13, 24) 0.961046 0.966066 0.499207
(13, 25) 0.964013 0.963965 0.498097
(13, 26) 0.967858 0.960407 0.497964
(13, 27) 0.969924 0.960821 0.498421
(13, 28) 0.971578 0.959594 0.497120
(13, 29) 0.964510 0.958411 0.497543
(13, 30) 0.958279 0.953812 0.495084
(13, 31) 0.980411 0.950612 0.494179
(13, 32) 0.981797 0.949374 0.493543
(13, 33) 0.990055 0.950062 0.494246
(13, 34) 0.988438 0.948573 0.493141
(13, 35) 0.987639 0.945320 0.491454
(13, 36) 0.987016 0.938563 0.489109
(13, 37) 0.986980 0.935408 0.488218
(13, 38) 0.990331 0.938036 0.486709
(13, 39) 0.990839 0.938406 0.486420
(14, 0) 0.994399 0.965932 0.503991
(14, 1) 0.994267 0.966086 0.504046
(14, 2) 0.993923 0.966305 0.504208
(14, 3) 0.993623 0.966131 0.504118
(14, 4) 0.993374 0.966008 0.503938
(14, 5) 0.993229 0.966066 0.503489
(14, 6) 0.992158 0.965916 0.503679
(14, 7) 0.991620 0.965834 0.503356
(14, 8) 0.990749 0.965903 0.503655
(14, 9) 0.988860 0.966352 0.503736
(14, 10) 0.985042 0.967605 0.503442
(14, 11) 0.983571 0.968679 0.503580
(14, 12) 0.982565 0.968720 0.503580
(14, 13) 0.979907 0.968437 0.503740
(14, 14) 0.976982 0.969368 0.503370
(14, 15) 0.974603 0.968924 0.502932
(14, 16) 0.969516 0.968740 0.503247
(14, 17) 0.965588 0.968433 0.503430
(14, 18) 0.965406 0.967506 0.502999
(14, 19) 0.962477 0.966167 0.502144
(14, 20) 0.963949 0.966171 0.502193
(14, 21) 0.960878 0.966115 0.502060
(14, 22) 0.960532 0.966301 0.502215
(14, 23) 0.956656 0.966384 0.501788
(14, 24) 0.951968 0.966086 0.499642
(14, 25) 0.947938 0.964147 0.499839
(14, 26) 0.944748 0.962349 0.500033
(14, 27) 0.938641 0.960964 0.499597
(14, 28) 0.941450 0.958569 0.498609
(14, 29) 0.931414 0.956103 0.496305
(14, 30) 0.930965 0.955964 0.495561
(14, 31) 0.962240 0.951891 0.494196
(14, 32) 0.982922 0.948145 0.492899
(14, 33) 0.983456 0.948102 0.492872
(14, 34) 0.985880 0.944263 0.490169
(14, 35) 0.983556 0.940065 0.487337
(14, 36) 0.982395 0.932947 0.485304
(14, 37) 0.981297 0.926001 0.483319
(14, 38) 0.981355 0.925726 0.482711
(14, 39) 0.982988 0.925388 0.479023
(15, 0) 0.994462 0.965835 0.504191
(15, 1) 0.994074 0.965976 0.504421
(15, 2) 0.993669 0.966115 0.504496
(15, 3) 0.993409 0.966008 0.504269
(15, 4) 0.993208 0.965975 0.504270
(15, 5) 0.992765 0.966010 0.504336
(15, 6) 0.992127 0.966066 0.503936
(15, 7) 0.991416 0.966057 0.503853
(15, 8) 0.989826 0.966066 0.503891
(15, 9) 0.987661 0.966286 0.504495
(15, 10) 0.985112 0.966652 0.504117
(15, 11) 0.982846 0.967722 0.504304
(15, 12) 0.980220 0.969925 0.504206
(15, 13) 0.978359 0.969737 0.503770
(15, 14) 0.975238 0.969658 0.503205
(15, 15) 0.973181 0.969121 0.503283
(15, 16) 0.972250 0.969003 0.502727
(15, 17) 0.963928 0.968774 0.503607
(15, 18) 0.958978 0.966228 0.502264
(15, 19) 0.957949 0.966114 0.502200
(15, 20) 0.956912 0.966131 0.501918
(15, 21) 0.950066 0.966303 0.501412
(15, 22) 0.953155 0.966354 0.501981
(15, 23) 0.942996 0.966739 0.501915
(15, 24) 0.943274 0.966248 0.501064
(15, 25) 0.937282 0.964423 0.501017
(15, 26) 0.933365 0.963380 0.501136
(15, 27) 0.932541 0.961717 0.500090
(15, 28) 0.931072 0.959445 0.499792
(15, 29) 0.931010 0.957286 0.497621
(15, 30) 0.930833 0.955923 0.495249
(15, 31) 0.930810 0.956201 0.494137
(15, 32) 0.955762 0.952303 0.492103
(15, 33) 0.947554 0.947026 0.485891
(15, 34) 0.960356 0.921978 0.465097
(15, 35) 0.981198 0.938215 0.485075
(15, 36) 0.970482 0.892446 0.462373
(15, 37) 0.964346 0.870068 0.450658
(15, 38) 0.974006 0.907371 0.469185
(15, 39) 0.975454 0.912914 0.471959
(16, 0) 0.994451 0.966090 0.504730
(16, 1) 0.994270 0.966066 0.504991
(16, 2) 0.993854 0.966066 0.504773
(16, 3) 0.993454 0.966066 0.504836
(16, 4) 0.992974 0.966016 0.504812
(16, 5) 0.992652 0.966066 0.505037
(16, 6) 0.992180 0.966432 0.504706
(16, 7) 0.991474 0.966695 0.504533
(16, 8) 0.989721 0.966234 0.505086
(16, 9) 0.987869 0.966066 0.505786
(16, 10) 0.984972 0.966207 0.505167
(16, 11) 0.982963 0.966079 0.505262
(16, 12) 0.980325 0.967843 0.504731
(16, 13) 0.978593 0.969066 0.503766
(16, 14) 0.974100 0.968969 0.503976
(16, 15) 0.972344 0.969043 0.503638
(16, 16) 0.969820 0.969064 0.503832
(16, 17) 0.961220 0.968481 0.503454
(16, 18) 0.952671 0.967365 0.502527
(16, 19) 0.952938 0.966076 0.501936
(16, 20) 0.946269 0.966301 0.501305
(16, 21) 0.946198 0.966381 0.501229
(16, 22) 0.942694 0.966616 0.501958
(16, 23) 0.942418 0.966846 0.502221
(16, 24) 0.942662 0.966553 0.501641
(16, 25) 0.941023 0.965940 0.500691
(16, 26) 0.934180 0.964028 0.499482
(16, 27) 0.932653 0.962413 0.499272
(16, 28) 0.931747 0.960999 0.499250
(16, 29) 0.930909 0.959706 0.496663
(16, 30) 0.930912 0.956888 0.494239
(16, 31) 0.930940 0.956588 0.492195
(16, 32) 0.930960 0.956316 0.491745
(16, 33) 0.943785 0.938845 0.477631
(16, 34) 0.957930 0.919990 0.462724
(16, 35) 0.958004 0.919394 0.462561
(16, 36) 0.947055 0.813613 0.417548
(16, 37) 0.946911 0.812564 0.417083
(16, 38) 0.949532 0.821712 0.422078
(16, 39) 0.975073 0.911630 0.471242
(17, 0) 0.994341 0.966462 0.505144
(17, 1) 0.994295 0.966155 0.505270
(17, 2) 0.993957 0.966066 0.505285
(17, 3) 0.993525 0.966066 0.505511
(17, 4) 0.993173 0.966066 0.505442
(17, 5) 0.992721 0.966370 0.505360
(17, 6) 0.992221 0.967379 0.505463
(17, 7) 0.991074 0.966786 0.505347
(17, 8) 0.989651 0.966066 0.506757
(17, 9) 0.988792 0.966066 0.506473
(17, 10) 0.984616 0.966066 0.505610
(17, 11) 0.982262 0.966066 0.505594
(17, 12) 0.980827 0.966069 0.506066
(17, 13) 0.977601 0.967237 0.505113
(17, 14) 0.971561 0.966215 0.505399
(17, 15) 0.971254 0.968150 0.504379
(17, 16) 0.968043 0.969311 0.504008
(17, 17) 0.950528 0.968010 0.502978
(17, 18) 0.948878 0.966734 0.502021
(17, 19) 0.948323 0.966281 0.502131
(17, 20) 0.946689 0.966053 0.501937
(17, 21) 0.943783 0.966260 0.501901
(17, 22) 0.941498 0.966208 0.502202
(17, 23) 0.941689 0.966581 0.502330
(17, 24) 0.938032 0.966251 0.501428
(17, 25) 0.934893 0.965796 0.498899
(17, 26) 0.934204 0.965490 0.497859
(17, 27) 0.933264 0.963544 0.498254
(17, 28) 0.931076 0.960387 0.496829
(17, 29) 0.931243 0.959503 0.495291
(17, 30) 0.931152 0.958605 0.494422
(17, 31) 0.931251 0.956879 0.492556
(17, 32) 0.931203 0.956277 0.491733
(17, 33) 0.931859 0.955370 0.490992
(17, 34) 0.957417 0.920556 0.463176
(17, 35) 0.955771 0.914207 0.460658
(17, 36) 0.945051 0.808985 0.415336
(17, 37) 0.946418 0.811301 0.416467
(17, 38) 0.944172 0.805557 0.413733
(17, 39) 0.934267 0.788201 0.407454
(18, 0) 0.994334 0.966747 0.505564
(18, 1) 0.994353 0.966240 0.505739
(18, 2) 0.994089 0.966066 0.505854
(18, 3) 0.993694 0.966066 0.505871
(18, 4) 0.993327 0.966066 0.505936
(18, 5) 0.993173 0.966068 0.506287
(18, 6) 0.992613 0.966572 0.506274
(18, 7) 0.990503 0.966069 0.507183
(18, 8) 0.989792 0.966066 0.507199
(18, 9) 0.989961 0.966066 0.507979
(18, 10) 0.988429 0.966066 0.508520
(18, 11) 0.981576 0.966066 0.505777
(18, 12) 0.979875 0.966066 0.507500
(18, 13) 0.978627 0.966066 0.505961
(18, 14) 0.972071 0.966067 0.505151
(18, 15) 0.967626 0.966160 0.505109
(18, 16) 0.951472 0.968307 0.504014
(18, 17) 0.947193 0.969264 0.503516
(18, 18) 0.948298 0.967858 0.502476
(18, 19) 0.947940 0.966527 0.501977
(18, 20) 0.941514 0.966044 0.502176
(18, 21) 0.936522 0.966008 0.502202
(18, 22) 0.936537 0.966042 0.502130
(18, 23) 0.936522 0.966232 0.501637
(18, 24) 0.934385 0.966117 0.501139
(18, 25) 0.934228 0.966163 0.500876
(18, 26) 0.933839 0.965841 0.498993
(18, 27) 0.929259 0.967898 0.498576
(18, 28) 0.931521 0.959848 0.495579
(18, 29) 0.931356 0.959367 0.495080
(18, 30) 0.931073 0.960515 0.492947
(18, 31) 0.931332 0.957190 0.492271
(18, 32) 0.931069 0.955503 0.491472
(18, 33) 0.923866 0.932133 0.484420
(18, 34) 0.916600 0.910282 0.472941
(18, 35) 0.906642 0.882397 0.458681
(18, 36) 0.897437 0.763562 0.397007
(18, 37) 0.889776 0.663639 0.345151
(18, 38) 0.886204 0.651639 0.338833
(18, 39) 0.770651 0.277953 0.144170
(19, 0) 0.995423 0.966426 0.506293
(19, 1) 0.994588 0.966067 0.506242
(19, 2) 0.994242 0.966066 0.506436
(19, 3) 0.993915 0.966066 0.506528
(19, 4) 0.993416 0.966066 0.506637
(19, 5) 0.993115 0.966066 0.506802
(19, 6) 0.992758 0.966066 0.506808
(19, 7) 0.992458 0.966066 0.506949
(19, 8) 0.990302 0.966066 0.507844
(19, 9) 0.990083 0.966066 0.509399
(19, 10) 0.989334 0.966066 0.509861
(19, 11) 0.983704 0.966066 0.510549
(19, 12) 0.981135 0.966066 0.510343
(19, 13) 0.976527 0.966066 0.506858
(19, 14) 0.970369 0.966083 0.504064
(19, 15) 0.960633 0.966969 0.504126
(19, 16) 0.943882 0.969291 0.503726
(19, 17) 0.945947 0.969626 0.503977
(19, 18) 0.946650 0.969301 0.502981
(19, 19) 0.934811 0.968331 0.500988
(19, 20) 0.935079 0.965984 0.502192
(19, 21) 0.934671 0.966012 0.502182
(19, 22) 0.934386 0.966049 0.502150
(19, 23) 0.933696 0.966056 0.502099
(19, 24) 0.933702 0.966037 0.501504
(19, 25) 0.933127 0.966136 0.501056
(19, 26) 0.931343 0.966812 0.499744
(19, 27) 0.927550 0.967466 0.499005
(19, 28) 0.924458 0.967739 0.498826
(19, 29) 0.930980 0.961043 0.492481
(19, 30) 0.929192 0.966041 0.484651
(19, 31) 0.929106 0.965787 0.484687
(19, 32) 0.923772 0.931864 0.484313
(19, 33) 0.923619 0.931322 0.484159
(19, 34) 0.915111 0.908513 0.472325
(19, 35) 0.906360 0.884707 0.459965
(19, 36) 0.897673 0.772159 0.401540
(19, 37) 0.889115 0.662047 0.344375
(19, 38) 0.870626 0.602326 0.313312
(19, 39) 0.685263 0.005743 0.002987
(20, 0) 0.996521 0.966632 0.506657
(20, 1) 0.995225 0.966363 0.506588
(20, 2) 0.994095 0.966066 0.506690
(20, 3) 0.994006 0.966066 0.506847
(20, 4) 0.993662 0.966066 0.507029
(20, 5) 0.993421 0.966066 0.507282
(20, 6) 0.993078 0.965713 0.507508
(20, 7) 0.992562 0.966065 0.507392
(20, 8) 0.991396 0.966832 0.509797
(20, 9) 0.990624 0.966066 0.509643
(20, 10) 0.990485 0.966066 0.511200
(20, 11) 0.984018 0.966066 0.511542
(20, 12) 0.982301 0.966066 0.512332
(20, 13) 0.981279 0.966066 0.511972
(20, 14) 0.964056 0.966070 0.515112
(20, 15) 0.944077 0.968510 0.504671
(20, 16) 0.942723 0.968733 0.503449
(20, 17) 0.938263 0.968817 0.503497
(20, 18) 0.934028 0.968797 0.501081
(20, 19) 0.934151 0.969378 0.500458
(20, 20) 0.934221 0.967917 0.501538
(20, 21) 0.934301 0.966302 0.502282
(20, 22) 0.933766 0.966152 0.502238
(20, 23) 0.932719 0.966142 0.502225
(20, 24) 0.932635 0.966047 0.501987
(20, 25) 0.932367 0.965957 0.501602
(20, 26) 0.930159 0.966133 0.500800
(20, 27) 0.919427 0.966775 0.500078
(20, 28) 0.916845 0.965563 0.500095
(20, 29) 0.915306 0.965606 0.499336
(20, 30) 0.926987 0.965647 0.486435
(20, 31) 0.912979 0.960536 0.495368
(20, 32) 0.917484 0.945530 0.490222
(20, 33) 0.923360 0.931068 0.484031
(20, 34) 0.914639 0.908544 0.472341
(20, 35) 0.902683 0.885726 0.460491
(20, 36) 0.869587 0.876995 0.455920
(20, 37) 0.886903 0.682320 0.354897
(20, 38) 0.702690 0.061892 0.032194
(20, 39) 0.683501 0.000097 0.000050
(21, 0) 0.996656 0.967483 0.506730
(21, 1) 0.996189 0.967749 0.506842
(21, 2) 0.994896 0.967687 0.506715
(21, 3) 0.994426 0.967347 0.506493
(21, 4) 0.993953 0.966977 0.507446
(21, 5) 0.993710 0.965447 0.508094
(21, 6) 0.993636 0.965067 0.508351
(21, 7) 0.993010 0.966776 0.509917
(21, 8) 0.991103 0.968964 0.510997
(21, 9) 0.991169 0.966815 0.511177
(21, 10) 0.990960 0.966697 0.514520
(21, 11) 0.987580 0.966085 0.514597
(21, 12) 0.982988 0.966068 0.515366
(21, 13) 0.972979 0.966066 0.521150
(21, 14) 0.957754 0.966067 0.525892
(21, 15) 0.956164 0.966290 0.523880
(21, 16) 0.934648 0.967580 0.504577
(21, 17) 0.934358 0.967958 0.502995
(21, 18) 0.934021 0.967498 0.503065
(21, 19) 0.933864 0.968618 0.501493
(21, 20) 0.932726 0.967751 0.502869
(21, 21) 0.932719 0.967092 0.502539
(21, 22) 0.932344 0.966479 0.502289
(21, 23) 0.932124 0.966114 0.502263
(21, 24) 0.931854 0.965919 0.502078
(21, 25) 0.931868 0.965817 0.501770
(21, 26) 0.919727 0.966300 0.502082
(21, 27) 0.914555 0.965806 0.501489
(21, 28) 0.914589 0.965406 0.500584
(21, 29) 0.913227 0.965583 0.500014
(21, 30) 0.911555 0.964251 0.498705
(21, 31) 0.911293 0.959975 0.496391
(21, 32) 0.910823 0.959832 0.496380
(21, 33) 0.864711 0.941066 0.489184
(21, 34) 0.857522 0.936413 0.486808
(21, 35) 0.864869 0.896533 0.466061
(21, 36) 0.865758 0.892438 0.463931
(21, 37) 0.858859 0.892105 0.463792
(21, 38) 0.698338 0.686176 0.357353
(21, 39) 0.688217 0.229140 0.119335
(22, 0) 0.997369 0.968674 0.506775
(22, 1) 0.996157 0.969041 0.506563
(22, 2) 0.995228 0.969166 0.506588
(22, 3) 0.994880 0.968981 0.506666
(22, 4) 0.994188 0.969096 0.506649
(22, 5) 0.994002 0.967421 0.507626
(22, 6) 0.992977 0.966976 0.510029
(22, 7) 0.993817 0.968347 0.510454
(22, 8) 0.992693 0.968661 0.511307
(22, 9) 0.992480 0.970803 0.513803
(22, 10) 0.990997 0.967773 0.515319
(22, 11) 0.987976 0.967915 0.518942
(22, 12) 0.982370 0.966082 0.519669
(22, 13) 0.979241 0.966067 0.522469
(22, 14) 0.955223 0.966068 0.519672
(22, 15) 0.932545 0.966142 0.508198
(22, 16) 0.931036 0.966030 0.507262
(22, 17) 0.933210 0.967129 0.504635
(22, 18) 0.933068 0.966473 0.503952
(22, 19) 0.932296 0.966810 0.503640
(22, 20) 0.932155 0.967456 0.502860
(22, 21) 0.931632 0.966836 0.502511
(22, 22) 0.931519 0.966253 0.502325
(22, 23) 0.931769 0.966133 0.502281
(22, 24) 0.931719 0.966079 0.502209
(22, 25) 0.926511 0.966180 0.502153
(22, 26) 0.914010 0.966459 0.502273
(22, 27) 0.913810 0.966192 0.502132
(22, 28) 0.912890 0.966134 0.501694
(22, 29) 0.911646 0.966562 0.499994
(22, 30) 0.910635 0.967088 0.500109
(22, 31) 0.910306 0.963492 0.498197
(22, 32) 0.893983 0.955799 0.496625
(22, 33) 0.859609 0.939364 0.488340
(22, 34) 0.856418 0.937768 0.487512
(22, 35) 0.839911 0.938597 0.487812
(22, 36) 0.790571 0.929739 0.483147
(22, 37) 0.715326 0.950460 0.494343
(22, 38) 0.702923 0.921405 0.479782
(22, 39) 0.697619 0.927886 0.482813
(23, 0) 0.996337 0.969855 0.504856
(23, 1) 0.996258 0.969876 0.505284
(23, 2) 0.995789 0.969493 0.506490
(23, 3) 0.994310 0.969612 0.505456
(23, 4) 0.993755 0.969682 0.505923
(23, 5) 0.992202 0.969629 0.507587
(23, 6) 0.991478 0.969021 0.509074
(23, 7) 0.992371 0.969117 0.508881
(23, 8) 0.993722 0.971232 0.510516
(23, 9) 0.993861 0.973370 0.512269
(23, 10) 0.992673 0.971174 0.514606
(23, 11) 0.992526 0.971422 0.518060
(23, 12) 0.986204 0.968112 0.521101
(23, 13) 0.953177 0.966101 0.515405
(23, 14) 0.940780 0.966179 0.511911
(23, 15) 0.934723 0.966001 0.508990
(23, 16) 0.930841 0.966019 0.507288
(23, 17) 0.931286 0.965995 0.506459
(23, 18) 0.931670 0.966040 0.505283
(23, 19) 0.931484 0.966066 0.504957
(23, 20) 0.931424 0.966606 0.502847
(23, 21) 0.931171 0.966308 0.502302
(23, 22) 0.931202 0.966125 0.502199
(23, 23) 0.931495 0.966096 0.502202
(23, 24) 0.931382 0.965886 0.502024
(23, 25) 0.924154 0.966057 0.502207
(23, 26) 0.913360 0.966352 0.502687
(23, 27) 0.913023 0.966138 0.502172
(23, 28) 0.912259 0.966275 0.502099
(23, 29) 0.910819 0.966536 0.501526
(23, 30) 0.906400 0.968048 0.499282
(23, 31) 0.893847 0.957422 0.496992
(23, 32) 0.892310 0.955951 0.496615
(23, 33) 0.785430 0.961942 0.499787
(23, 34) 0.781334 0.953324 0.494911
(23, 35) 0.719310 0.965958 0.500464
(23, 36) 0.719330 0.964953 0.501073
(23, 37) 0.719415 0.964523 0.501311
(23, 38) 0.709825 0.949154 0.493591
(23, 39) 0.693950 0.935247 0.486326
(24, 0) 0.995867 0.970025 0.504149
(24, 1) 0.995868 0.969903 0.504356
(24, 2) 0.994745 0.969785 0.504166
(24, 3) 0.993920 0.969876 0.504181
(24, 4) 0.993480 0.969808 0.504452
(24, 5) 0.993087 0.969629 0.504083
(24, 6) 0.991093 0.969855 0.505646
(24, 7) 0.991516 0.970117 0.506319
(24, 8) 0.991756 0.972193 0.508407
(24, 9) 0.993575 0.973452 0.512549
(24, 10) 0.992891 0.972476 0.515424
(24, 11) 0.992567 0.971536 0.518005
(24, 12) 0.991705 0.971670 0.518278
(24, 13) 0.962830 0.973585 0.506899
(24, 14) 0.941696 0.966910 0.511298
(24, 15) 0.931256 0.967169 0.507991
(24, 16) 0.930801 0.966103 0.507352
(24, 17) 0.931060 0.966152 0.506449
(24, 18) 0.931242 0.966028 0.505557
(24, 19) 0.931096 0.966126 0.504636
(24, 20) 0.930904 0.966301 0.502629
(24, 21) 0.930981 0.966261 0.502296
(24, 22) 0.930994 0.966107 0.502184
(24, 23) 0.930975 0.965886 0.502061
(24, 24) 0.930762 0.965499 0.501844
(24, 25) 0.925737 0.965681 0.502820
(24, 26) 0.911780 0.966476 0.504396
(24, 27) 0.911367 0.966146 0.502575
(24, 28) 0.909087 0.966371 0.501629
(24, 29) 0.905616 0.967153 0.500134
(24, 30) 0.903731 0.967954 0.499220
(24, 31) 0.899336 0.968747 0.497008
(24, 32) 0.783412 0.962476 0.500012
(24, 33) 0.720012 0.966351 0.502041
(24, 34) 0.719632 0.966236 0.501125
(24, 35) 0.719207 0.966206 0.500375
(24, 36) 0.718761 0.965873 0.500889
(24, 37) 0.719056 0.964883 0.501272
(24, 38) 0.718778 0.964735 0.501451
(24, 39) 0.707678 0.952738 0.494488
(25, 0) 0.995775 0.969770 0.504032
(25, 1) 0.995109 0.969481 0.503963
(25, 2) 0.994391 0.969296 0.503879
(25, 3) 0.993654 0.969278 0.503820
(25, 4) 0.993097 0.969431 0.503949
(25, 5) 0.992359 0.969332 0.503803
(25, 6) 0.991592 0.969639 0.503902
(25, 7) 0.990813 0.970144 0.504411
(25, 8) 0.989991 0.970196 0.504348
(25, 9) 0.992007 0.972728 0.509341
(25, 10) 0.985550 0.971443 0.506944
(25, 11) 0.991447 0.971558 0.517150
(25, 12) 0.967657 0.973623 0.507202
(25, 13) 0.963941 0.974055 0.506354
(25, 14) 0.948246 0.972059 0.507920
(25, 15) 0.932517 0.969264 0.508932
(25, 16) 0.931815 0.967393 0.507332
(25, 17) 0.931608 0.966773 0.506794
(25, 18) 0.931159 0.966824 0.505645
(25, 19) 0.930783 0.966197 0.503212
(25, 20) 0.930693 0.966257 0.502437
(25, 21) 0.930804 0.966200 0.502251
(25, 22) 0.930810 0.966086 0.502187
(25, 23) 0.930738 0.965940 0.502105
(25, 24) 0.930107 0.965601 0.501934
(25, 25) 0.912041 0.965908 0.502097
(25, 26) 0.905089 0.965627 0.503793
(25, 27) 0.896742 0.966115 0.501379
(25, 28) 0.895113 0.966066 0.501691
(25, 29) 0.898316 0.965915 0.500852
(25, 30) 0.896036 0.967945 0.497840
(25, 31) 0.895447 0.968887 0.495751
(25, 32) 0.763249 0.967060 0.500767
(25, 33) 0.719824 0.966438 0.502566
(25, 34) 0.719612 0.966228 0.502154
(25, 35) 0.718509 0.966171 0.501455
(25, 36) 0.717969 0.966064 0.501520
(25, 37) 0.718220 0.965352 0.501526
(25, 38) 0.717911 0.962614 0.500004
(25, 39) 0.717862 0.961792 0.499023
(26, 0) 0.995243 0.968823 0.503893
(26, 1) 0.994918 0.969038 0.503711
(26, 2) 0.994193 0.968958 0.503626
(26, 3) 0.993766 0.968770 0.503616
(26, 4) 0.993186 0.968957 0.503630
(26, 5) 0.992419 0.968613 0.503463
(26, 6) 0.991518 0.969232 0.503738
(26, 7) 0.990179 0.969164 0.503810
(26, 8) 0.989528 0.969582 0.504027
(26, 9) 0.986244 0.970272 0.504240
(26, 10) 0.983282 0.971293 0.504563
(26, 11) 0.982731 0.970998 0.504453
(26, 12) 0.979736 0.971416 0.504803
(26, 13) 0.964309 0.973963 0.506301
(26, 14) 0.959764 0.973246 0.506192
(26, 15) 0.933792 0.969837 0.507537
(26, 16) 0.933705 0.969039 0.506087
(26, 17) 0.932386 0.969396 0.505207
(26, 18) 0.930688 0.970068 0.504142
(26, 19) 0.930327 0.968424 0.502890
(26, 20) 0.930431 0.966142 0.502400
(26, 21) 0.930492 0.966139 0.502278
(26, 22) 0.930693 0.966066 0.502211
(26, 23) 0.927034 0.966425 0.502355
(26, 24) 0.912314 0.965913 0.502029
(26, 25) 0.904530 0.965994 0.502363
(26, 26) 0.904290 0.965449 0.502836
(26, 27) 0.894289 0.966110 0.502409
(26, 28) 0.892416 0.965951 0.501992
(26, 29) 0.891539 0.965781 0.501590
(26, 30) 0.888996 0.965639 0.500339
(26, 31) 0.884201 0.967193 0.499409
(26, 32) 0.720867 0.966689 0.503464
(26, 33) 0.719721 0.966715 0.502933
(26, 34) 0.718776 0.966392 0.502602
(26, 35) 0.718149 0.966295 0.502304
(26, 36) 0.717865 0.965960 0.502083
(26, 37) 0.717813 0.963913 0.501175
(26, 38) 0.717635 0.962358 0.500563
(26, 39) 0.717673 0.961797 0.499843
(27, 0) 0.994887 0.968416 0.503665
(27, 1) 0.994680 0.968721 0.503649
(27, 2) 0.994243 0.968655 0.503663
(27, 3) 0.993788 0.968371 0.503504
(27, 4) 0.992859 0.968068 0.503324
(27, 5) 0.992503 0.968190 0.503132
(27, 6) 0.991228 0.968326 0.503226
(27, 7) 0.989690 0.968564 0.503499
(27, 8) 0.988825 0.968982 0.503716
(27, 9) 0.986659 0.969392 0.503834
(27, 10) 0.983797 0.970667 0.504153
(27, 11) 0.982067 0.970604 0.503918
(27, 12) 0.981008 0.970680 0.504192
(27, 13) 0.966414 0.973312 0.505963
(27, 14) 0.960166 0.973281 0.505947
(27, 15) 0.955259 0.972703 0.505570
(27, 16) 0.933614 0.970723 0.504467
(27, 17) 0.932770 0.970781 0.504429
(27, 18) 0.931589 0.971075 0.503756
(27, 19) 0.930168 0.971061 0.502905
(27, 20) 0.928282 0.968225 0.502365
(27, 21) 0.929769 0.966260 0.502259
(27, 22) 0.923397 0.967376 0.502454
(27, 23) 0.914389 0.967981 0.503026
(27, 24) 0.910667 0.967778 0.502522
(27, 25) 0.904210 0.966654 0.501940
(27, 26) 0.896593 0.966711 0.502718
(27, 27) 0.892228 0.966567 0.502500
(27, 28) 0.891950 0.966265 0.502305
(27, 29) 0.889605 0.965738 0.502109
(27, 30) 0.875898 0.966087 0.501633
(27, 31) 0.866884 0.966290 0.502769
(27, 32) 0.775301 0.967668 0.503316
(27, 33) 0.719253 0.968406 0.503559
(27, 34) 0.718416 0.967107 0.502689
(27, 35) 0.717766 0.966373 0.502858
(27, 36) 0.717524 0.966101 0.502538
(27, 37) 0.716981 0.965741 0.502188
(27, 38) 0.716402 0.964159 0.500869
(27, 39) 0.716018 0.963051 0.499419
(28, 0) 0.995086 0.968156 0.503321
(28, 1) 0.994925 0.968539 0.503301
(28, 2) 0.994512 0.968506 0.503181
(28, 3) 0.993794 0.968139 0.503275
(28, 4) 0.993411 0.968047 0.503150
(28, 5) 0.992632 0.968238 0.502869
(28, 6) 0.992394 0.968450 0.502494
(28, 7) 0.989909 0.968792 0.502885
(28, 8) 0.987381 0.969398 0.503830
(28, 9) 0.985955 0.970111 0.503532
(28, 10) 0.984377 0.970872 0.503053
(28, 11) 0.982863 0.970874 0.503331
(28, 12) 0.975523 0.972183 0.504048
(28, 13) 0.969368 0.973263 0.505931
(28, 14) 0.966058 0.973274 0.505944
(28, 15) 0.938198 0.971715 0.503608
(28, 16) 0.934221 0.972249 0.504096
(28, 17) 0.933215 0.971726 0.504141
(28, 18) 0.932465 0.972615 0.503693
(28, 19) 0.925582 0.971625 0.503355
(28, 20) 0.919047 0.970644 0.501420
(28, 21) 0.916304 0.969896 0.502090
(28, 22) 0.908262 0.970835 0.502957
(28, 23) 0.910224 0.969595 0.502938
(28, 24) 0.898690 0.969116 0.503560
(28, 25) 0.896550 0.967589 0.504206
(28, 26) 0.892461 0.968141 0.503036
(28, 27) 0.891796 0.967052 0.502609
(28, 28) 0.890024 0.966223 0.502428
(28, 29) 0.876069 0.966200 0.501569
(28, 30) 0.867580 0.966158 0.501859
(28, 31) 0.866516 0.966293 0.502320
(28, 32) 0.786115 0.968045 0.503153
(28, 33) 0.718920 0.969746 0.504010
(28, 34) 0.718434 0.968105 0.503955
(28, 35) 0.717638 0.966105 0.503804
(28, 36) 0.716812 0.965855 0.503143
(28, 37) 0.715032 0.965846 0.502109
(28, 38) 0.715051 0.965878 0.500962
(28, 39) 0.714195 0.965974 0.499796
(29, 0) 0.995397 0.968092 0.503250
(29, 1) 0.995356 0.968508 0.503105
(29, 2) 0.994989 0.968716 0.502885
(29, 3) 0.994417 0.968402 0.502879
(29, 4) 0.993595 0.968554 0.502561
(29, 5) 0.992689 0.968929 0.502409
(29, 6) 0.991815 0.969433 0.502095
(29, 7) 0.990857 0.969813 0.501296
(29, 8) 0.988534 0.970659 0.501821
(29, 9) 0.985684 0.970971 0.502518
(29, 10) 0.984630 0.971095 0.502348
(29, 11) 0.982993 0.971148 0.502144
(29, 12) 0.981797 0.971457 0.501865
(29, 13) 0.974610 0.972961 0.504285
(29, 14) 0.966861 0.973969 0.506294
(29, 15) 0.934862 0.972607 0.505274
(29, 16) 0.933452 0.972643 0.505151
(29, 17) 0.933387 0.972738 0.505233
(29, 18) 0.929755 0.972719 0.507138
(29, 19) 0.916566 0.972534 0.506200
(29, 20) 0.915416 0.971208 0.504116
(29, 21) 0.908298 0.970376 0.503806
(29, 22) 0.907030 0.970510 0.503329
(29, 23) 0.904678 0.971621 0.502511
(29, 24) 0.898636 0.968173 0.505492
(29, 25) 0.891616 0.966557 0.506217
(29, 26) 0.889594 0.967146 0.503642
(29, 27) 0.889681 0.966845 0.502510
(29, 28) 0.881129 0.966686 0.501397
(29, 29) 0.874574 0.966315 0.501524
(29, 30) 0.870594 0.966387 0.501553
(29, 31) 0.865773 0.966314 0.502284
(29, 32) 0.793370 0.969418 0.504019
(29, 33) 0.717985 0.970526 0.504108
(29, 34) 0.716264 0.968780 0.504029
(29, 35) 0.716808 0.966079 0.503979
(29, 36) 0.714067 0.965924 0.502467
(29, 37) 0.714479 0.965935 0.502261
(29, 38) 0.714238 0.966169 0.501369
(29, 39) 0.710388 0.965745 0.498940
(30, 0) 0.995822 0.968083 0.503466
(30, 1) 0.996091 0.968501 0.503250
(30, 2) 0.995091 0.968567 0.502894
(30, 3) 0.994579 0.968265 0.502195
(30, 4) 0.993915 0.968331 0.502202
(30, 5) 0.993218 0.969553 0.502015
(30, 6) 0.991830 0.969983 0.502467
(30, 7) 0.990669 0.971283 0.501878
(30, 8) 0.989453 0.971577 0.501699
(30, 9) 0.987709 0.971406 0.501936
(30, 10) 0.985633 0.971334 0.502296
(30, 11) 0.983701 0.971752 0.503311
(30, 12) 0.981126 0.972364 0.502909
(30, 13) 0.980278 0.973336 0.504042
(30, 14) 0.976963 0.974751 0.505816
(30, 15) 0.934248 0.972905 0.505752
(30, 16) 0.933213 0.972895 0.505676
(30, 17) 0.933156 0.972788 0.507112
(30, 18) 0.933376 0.972970 0.510193
(30, 19) 0.923576 0.972421 0.507551
(30, 20) 0.913320 0.970790 0.504489
(30, 21) 0.912761 0.970772 0.504527
(30, 22) 0.905411 0.972499 0.502125
(30, 23) 0.903185 0.973590 0.500861
(30, 24) 0.895489 0.973504 0.499655
(30, 25) 0.888183 0.966495 0.504886
(30, 26) 0.884374 0.966854 0.502314
(30, 27) 0.884955 0.966782 0.501332
(30, 28) 0.880264 0.966862 0.498235
(30, 29) 0.875218 0.966620 0.499187
(30, 30) 0.865801 0.965331 0.500760
(30, 31) 0.865354 0.966238 0.502171
(30, 32) 0.807676 0.968694 0.502503
(30, 33) 0.715216 0.970182 0.503681
(30, 34) 0.715133 0.968816 0.503081
(30, 35) 0.713609 0.966816 0.502715
(30, 36) 0.712302 0.966191 0.502136
(30, 37) 0.709100 0.966149 0.502236
(30, 38) 0.704378 0.965251 0.500787
(30, 39) 0.705676 0.964671 0.499186
(31, 0) 0.996452 0.968182 0.503139
(31, 1) 0.996321 0.968437 0.502958
(31, 2) 0.996065 0.968441 0.502504
(31, 3) 0.995361 0.968071 0.501936
(31, 4) 0.994494 0.969486 0.501581
(31, 5) 0.993790 0.970495 0.501227
(31, 6) 0.992783 0.971265 0.502165
(31, 7) 0.991835 0.971817 0.502704
(31, 8) 0.991051 0.971598 0.502492
(31, 9) 0.990110 0.972075 0.502938
(31, 10) 0.986235 0.972167 0.504525
(31, 11) 0.983823 0.972497 0.505507
(31, 12) 0.982550 0.972332 0.504724
(31, 13) 0.977832 0.974380 0.505511
(31, 14) 0.975646 0.975144 0.506648
(31, 15) 0.951880 0.974258 0.506380
(31, 16) 0.933403 0.973205 0.505868
(31, 17) 0.934030 0.974487 0.507254
(31, 18) 0.933745 0.974363 0.509511
(31, 19) 0.933081 0.974841 0.510435
(31, 20) 0.913240 0.973971 0.506454
(31, 21) 0.911182 0.971164 0.504777
(31, 22) 0.904181 0.972907 0.503957
(31, 23) 0.892788 0.974267 0.502012
(31, 24) 0.889009 0.971308 0.500184
(31, 25) 0.885095 0.967940 0.501747
(31, 26) 0.883553 0.967078 0.502161
(31, 27) 0.882445 0.966704 0.501102
(31, 28) 0.879047 0.966522 0.497333
(31, 29) 0.873070 0.965356 0.495017
(31, 30) 0.869037 0.964452 0.496042
(31, 31) 0.817830 0.967643 0.501381
(31, 32) 0.711474 0.972807 0.503670
(31, 33) 0.712174 0.971977 0.503395
(31, 34) 0.713961 0.968780 0.503262
(31, 35) 0.706974 0.968305 0.499514
(31, 36) 0.706562 0.966370 0.502153
(31, 37) 0.704326 0.966230 0.502266
(31, 38) 0.704020 0.965868 0.501823
(31, 39) 0.702795 0.964600 0.500574
(32, 0) 0.996971 0.968103 0.502928
(32, 1) 0.996557 0.968313 0.502667
(32, 2) 0.996291 0.968989 0.501790
(32, 3) 0.995316 0.969393 0.501531
(32, 4) 0.994801 0.971043 0.501443
(32, 5) 0.994329 0.971278 0.501710
(32, 6) 0.993627 0.971850 0.502602
(32, 7) 0.992443 0.971538 0.502930
(32, 8) 0.991912 0.971473 0.503611
(32, 9) 0.991136 0.972001 0.504280
(32, 10) 0.989665 0.972735 0.504896
(32, 11) 0.985590 0.973182 0.505198
(32, 12) 0.981563 0.972549 0.505418
(32, 13) 0.980189 0.975399 0.506509
(32, 14) 0.973763 0.975942 0.507056
(32, 15) 0.944219 0.977165 0.507961
(32, 16) 0.934142 0.974286 0.506426
(32, 17) 0.934409 0.975629 0.506623
(32, 18) 0.934340 0.975885 0.507521
(32, 19) 0.922920 0.977936 0.508551
(32, 20) 0.898758 0.981886 0.508920
(32, 21) 0.900274 0.979274 0.508220
(32, 22) 0.888020 0.976114 0.507036
(32, 23) 0.887078 0.975416 0.506598
(32, 24) 0.884817 0.974522 0.504888
(32, 25) 0.882238 0.969897 0.503491
(32, 26) 0.883089 0.967666 0.502347
(32, 27) 0.881166 0.967984 0.502426
(32, 28) 0.879440 0.966965 0.499300
(32, 29) 0.860249 0.966221 0.500058
(32, 30) 0.827993 0.966037 0.500594
(32, 31) 0.718714 0.971366 0.502315
(32, 32) 0.710040 0.971773 0.503290
(32, 33) 0.709671 0.971502 0.502949
(32, 34) 0.702474 0.969987 0.499970
(32, 35) 0.701338 0.969266 0.497744
(32, 36) 0.703746 0.967657 0.500414
(32, 37) 0.703478 0.966288 0.502259
(32, 38) 0.702428 0.965898 0.502043
(32, 39) 0.701753 0.964811 0.501168
(33, 0) 0.997279 0.968402 0.502857
(33, 1) 0.997076 0.968850 0.502317
(33, 2) 0.996740 0.970151 0.501167
(33, 3) 0.996036 0.970596 0.501746
(33, 4) 0.995498 0.971406 0.502419
(33, 5) 0.995572 0.972224 0.502875
(33, 6) 0.994552 0.972434 0.502601
(33, 7) 0.993730 0.972117 0.503827
(33, 8) 0.992775 0.971327 0.504503
(33, 9) 0.992049 0.971809 0.504624
(33, 10) 0.990569 0.973164 0.505082
(33, 11) 0.987799 0.975083 0.504270
(33, 12) 0.984042 0.975753 0.506326
(33, 13) 0.979725 0.978047 0.507756
(33, 14) 0.966330 0.979090 0.508621
(33, 15) 0.953592 0.980088 0.509457
(33, 16) 0.940990 0.977119 0.507030
(33, 17) 0.934484 0.976342 0.506315
(33, 18) 0.934288 0.976522 0.507000
(33, 19) 0.933637 0.976698 0.507645
(33, 20) 0.905985 0.980722 0.508950
(33, 21) 0.895015 0.981977 0.509715
(33, 22) 0.892963 0.981719 0.509700
(33, 23) 0.879707 0.978784 0.508692
(33, 24) 0.879382 0.975488 0.507092
(33, 25) 0.879832 0.974676 0.506669
(33, 26) 0.878316 0.969652 0.503627
(33, 27) 0.876658 0.968796 0.503377
(33, 28) 0.860166 0.966757 0.502532
(33, 29) 0.856009 0.965978 0.502201
(33, 30) 0.855979 0.965769 0.502005
(33, 31) 0.775297 0.968343 0.502785
(33, 32) 0.705126 0.970176 0.504259
(33, 33) 0.702909 0.970468 0.503231
(33, 34) 0.695351 0.968301 0.499689
(33, 35) 0.697912 0.969599 0.497434
(33, 36) 0.699504 0.966978 0.500976
(33, 37) 0.702160 0.966133 0.502319
(33, 38) 0.701919 0.966057 0.502412
(33, 39) 0.701856 0.965735 0.502029
(34, 0) 0.997966 0.969070 0.501630
(34, 1) 0.997633 0.970092 0.501115
(34, 2) 0.997186 0.970809 0.501152
(34, 3) 0.997085 0.971391 0.502511
(34, 4) 0.996290 0.971238 0.503500
(34, 5) 0.996198 0.971495 0.503511
(34, 6) 0.995558 0.972140 0.504071
(34, 7) 0.994875 0.972052 0.504872
(34, 8) 0.994206 0.971760 0.504853
(34, 9) 0.993037 0.972152 0.505032
(34, 10) 0.992495 0.973556 0.505530
(34, 11) 0.990598 0.974990 0.506035
(34, 12) 0.987040 0.977441 0.508026
(34, 13) 0.984729 0.978716 0.508538
(34, 14) 0.973114 0.983581 0.507460
(34, 15) 0.963069 0.988074 0.506109
(34, 16) 0.952415 0.985457 0.507124
(34, 17) 0.935237 0.978078 0.505936
(34, 18) 0.932048 0.986696 0.512898
(34, 19) 0.932518 0.979654 0.511393
(34, 20) 0.922874 0.977023 0.523368
(34, 21) 0.897532 0.981488 0.511130
(34, 22) 0.875538 0.983865 0.511411
(34, 23) 0.873780 0.983773 0.511394
(34, 24) 0.876092 0.980292 0.509587
(34, 25) 0.875592 0.971865 0.505211
(34, 26) 0.867818 0.971132 0.504614
(34, 27) 0.869966 0.969137 0.503789
(34, 28) 0.856627 0.966450 0.502659
(34, 29) 0.855977 0.966154 0.502380
(34, 30) 0.855895 0.965907 0.502234
(34, 31) 0.750158 0.968194 0.502001
(34, 32) 0.702967 0.970064 0.504019
(34, 33) 0.697780 0.969022 0.503228
(34, 34) 0.692868 0.967903 0.502292
(34, 35) 0.691075 0.967904 0.499166
(34, 36) 0.683955 0.967161 0.499983
(34, 37) 0.697112 0.966069 0.501621
(34, 38) 0.701740 0.966102 0.502731
(34, 39) 0.698459 0.964249 0.500839
(35, 0) 0.998830 0.969264 0.500182
(35, 1) 0.998192 0.969786 0.500927
(35, 2) 0.997356 0.970268 0.502141
(35, 3) 0.997048 0.970385 0.503167
(35, 4) 0.996541 0.970909 0.503896
(35, 5) 0.996331 0.971152 0.504420
(35, 6) 0.996112 0.971639 0.505387
(35, 7) 0.995626 0.972238 0.505358
(35, 8) 0.995139 0.972375 0.505431
(35, 9) 0.994556 0.973789 0.506092
(35, 10) 0.992735 0.974365 0.506117
(35, 11) 0.993040 0.975535 0.506972
(35, 12) 0.990939 0.978207 0.507841
(35, 13) 0.987705 0.980760 0.509816
(35, 14) 0.982639 0.988697 0.508794
(35, 15) 0.972852 0.995888 0.503118
(35, 16) 0.967857 0.995753 0.506428
(35, 17) 0.932774 0.999501 0.518795
(35, 18) 0.929277 0.999910 0.519821
(35, 19) 0.928099 0.988287 0.522626
(35, 20) 0.926877 0.976284 0.525534
(35, 21) 0.921099 0.975319 0.526910
(35, 22) 0.866264 0.967918 0.537797
(35, 23) 0.871993 0.981852 0.513666
(35, 24) 0.857949 0.967749 0.516373
(35, 25) 0.865818 0.972448 0.507350
(35, 26) 0.867497 0.972216 0.505036
(35, 27) 0.793740 0.975653 0.505831
(35, 28) 0.809043 0.971055 0.504043
(35, 29) 0.812169 0.967544 0.502742
(35, 30) 0.725139 0.968697 0.501488
(35, 31) 0.682351 0.969082 0.500767
(35, 32) 0.687375 0.968754 0.501819
(35, 33) 0.690613 0.969055 0.502810
(35, 34) 0.685762 0.966734 0.502270
(35, 35) 0.682323 0.966916 0.501163
(35, 36) 0.682110 0.966353 0.499559
(35, 37) 0.682217 0.965505 0.498724
(35, 38) 0.692093 0.964187 0.499649
(35, 39) 0.680250 0.958764 0.496103
(36, 0) 0.998768 0.968586 0.500243
(36, 1) 0.998199 0.968548 0.501895
(36, 2) 0.997659 0.969692 0.502730
(36, 3) 0.997549 0.969842 0.503068
(36, 4) 0.997634 0.970737 0.503602
(36, 5) 0.996778 0.971396 0.505076
(36, 6) 0.996537 0.972163 0.505458
(36, 7) 0.996023 0.972867 0.505747
(36, 8) 0.995673 0.973365 0.505945
(36, 9) 0.995840 0.974133 0.506070
(36, 10) 0.995147 0.974970 0.506245
(36, 11) 0.995685 0.976718 0.507219
(36, 12) 0.995990 0.978188 0.506868
(36, 13) 0.990141 0.983045 0.509925
(36, 14) 0.986771 0.989357 0.513307
(36, 15) 0.974276 0.993639 0.508879
(36, 16) 0.963534 0.995449 0.509830
(36, 17) 0.959626 0.995803 0.511228
(36, 18) 0.929246 0.999634 0.519927
(36, 19) 0.920507 0.979392 0.528752
(36, 20) 0.915938 0.968645 0.533421
(36, 21) 0.871763 0.966553 0.539622
(36, 22) 0.865512 0.966255 0.540436
(36, 23) 0.860850 0.966163 0.528544
(36, 24) 0.856359 0.966077 0.516948
(36, 25) 0.841743 0.967688 0.515885
(36, 26) 0.752905 0.979065 0.506013
(36, 27) 0.701642 0.979285 0.506491
(36, 28) 0.691805 0.975886 0.505625
(36, 29) 0.683042 0.970909 0.503131
(36, 30) 0.682176 0.969588 0.502331
(36, 31) 0.681693 0.968886 0.501976
(36, 32) 0.681539 0.968280 0.502049
(36, 33) 0.680904 0.967405 0.502436
(36, 34) 0.681871 0.966518 0.502159
(36, 35) 0.681059 0.966222 0.501666
(36, 36) 0.681088 0.966088 0.500607
(36, 37) 0.681543 0.965236 0.499620
(36, 38) 0.679997 0.960827 0.497930
(36, 39) 0.680043 0.959303 0.497364
(37, 0) 0.998571 0.967671 0.501198
(37, 1) 0.998665 0.968117 0.502137
(37, 2) 0.998343 0.968830 0.502805
(37, 3) 0.998487 0.970036 0.503332
(37, 4) 0.998557 0.970644 0.503674
(37, 5) 0.998315 0.971055 0.504894
(37, 6) 0.997112 0.972649 0.505655
(37, 7) 0.996585 0.973303 0.505774
(37, 8) 0.996173 0.973820 0.505944
(37, 9) 0.996394 0.974774 0.505961
(37, 10) 0.996734 0.975584 0.506625
(37, 11) 0.996594 0.976398 0.507423
(37, 12) 0.996593 0.977526 0.507755
(37, 13) 0.998583 0.982029 0.510274
(37, 14) 0.987178 0.987607 0.514653
(37, 15) 0.977620 0.971721 0.530083
(37, 16) 0.962170 0.987925 0.518710
(37, 17) 0.941041 0.947671 0.571792
(37, 18) 0.938816 0.951444 0.566785
(37, 19) 0.904892 0.961061 0.541974
(37, 20) 0.904728 0.960890 0.541517
(37, 21) 0.900946 0.961331 0.541544
(37, 22) 0.864542 0.966171 0.543509
(37, 23) 0.860660 0.966144 0.529166
(37, 24) 0.855195 0.966143 0.516879
(37, 25) 0.703929 0.975858 0.514748
(37, 26) 0.694207 0.983783 0.505947
(37, 27) 0.692467 0.979051 0.506515
(37, 28) 0.686796 0.975532 0.506436
(37, 29) 0.683590 0.972174 0.504553
(37, 30) 0.681550 0.969720 0.503296
(37, 31) 0.681085 0.968912 0.503030
(37, 32) 0.680787 0.968097 0.502678
(37, 33) 0.680429 0.967348 0.502824
(37, 34) 0.680696 0.966387 0.502726
(37, 35) 0.680753 0.966239 0.502303
(37, 36) 0.680524 0.965879 0.501955
(37, 37) 0.680359 0.964121 0.500561
(37, 38) 0.680006 0.962149 0.499480
(37, 39) 0.679920 0.960087 0.498428
(38, 0) 0.998979 0.967451 0.501752
(38, 1) 0.998909 0.967659 0.502386
(38, 2) 0.998670 0.967806 0.503252
(38, 3) 0.999091 0.968028 0.504051
(38, 4) 0.999226 0.970172 0.504668
(38, 5) 0.999207 0.971150 0.506192
(38, 6) 0.998219 0.972544 0.505687
(38, 7) 0.997138 0.973561 0.505439
(38, 8) 0.997427 0.974516 0.505256
(38, 9) 0.997392 0.974965 0.506253
(38, 10) 0.997675 0.975654 0.506881
(38, 11) 0.997119 0.976616 0.507642
(38, 12) 0.998693 0.981217 0.509974
(38, 13) 0.999633 0.983797 0.511160
(38, 14) 0.991871 0.979449 0.518514
(38, 15) 0.976623 0.969899 0.531829
(38, 16) 0.959001 0.958771 0.551731
(38, 17) 0.940969 0.947454 0.572098
(38, 18) 0.936241 0.949084 0.580088
(38, 19) 0.890713 0.965673 0.649228
(38, 20) 0.903128 0.961323 0.552823
(38, 21) 0.791452 0.959875 0.773760
(38, 22) 0.683253 0.958989 0.994947
(38, 23) 0.687584 0.959334 0.972081
(38, 24) 0.706422 0.965582 0.528108
(38, 25) 0.701598 0.966378 0.525458
(38, 26) 0.693418 0.973123 0.513758
(38, 27) 0.685264 0.975980 0.506904
(38, 28) 0.684073 0.974891 0.506751
(38, 29) 0.681654 0.971339 0.504620
(38, 30) 0.681001 0.969754 0.503870
(38, 31) 0.680826 0.969269 0.503642
(38, 32) 0.680938 0.968141 0.504272
(38, 33) 0.679833 0.966257 0.504350
(38, 34) 0.680061 0.966120 0.503237
(38, 35) 0.680098 0.966179 0.502545
(38, 36) 0.679874 0.965956 0.502258
(38, 37) 0.679895 0.964816 0.501420
(38, 38) 0.679829 0.963066 0.500056
(38, 39) 0.679772 0.961586 0.499782
(39, 0) 0.999209 0.967091 0.502019
(39, 1) 0.998915 0.967147 0.502744
(39, 2) 0.998676 0.967124 0.503607
(39, 3) 0.999017 0.967528 0.504298
(39, 4) 0.999513 0.968590 0.505093
(39, 5) 0.999234 0.970946 0.505687
(39, 6) 0.998303 0.972734 0.504909
(39, 7) 0.997824 0.973743 0.504614
(39, 8) 0.998704 0.974555 0.504789
(39, 9) 0.999021 0.974862 0.506170
(39, 10) 0.998700 0.975079 0.507224
(39, 11) 0.999306 0.977946 0.509032
(39, 12) 0.999166 0.980697 0.509796
(39, 13) 0.999759 0.983045 0.510827
(39, 14) 0.997341 0.982643 0.513476
(39, 15) 0.977312 0.970271 0.531216
(39, 16) 0.958589 0.958513 0.552207
(39, 17) 0.940503 0.947593 0.572874
(39, 18) 0.894099 0.964406 0.651768
(39, 19) 0.889318 0.966138 0.659897
(39, 20) 0.887601 0.966078 0.662310
(39, 21) 0.683182 0.958987 0.996700
(39, 22) 0.681185 0.958918 0.999961
(39, 23) 0.681383 0.958990 0.994874
(39, 24) 0.701840 0.965495 0.533874
(39, 25) 0.697479 0.965825 0.521790
(39, 26) 0.693580 0.966083 0.517774
(39, 27) 0.686315 0.972132 0.510815
(39, 28) 0.681729 0.974056 0.507168
(39, 29) 0.681539 0.972594 0.505623
(39, 30) 0.681088 0.970601 0.504346
(39, 31) 0.680971 0.968444 0.504681
(39, 32) 0.680439 0.966059 0.505832
(39, 33) 0.679968 0.965959 0.505143
(39, 34) 0.679708 0.965982 0.504096
(39, 35) 0.679697 0.966201 0.502802
(39, 36) 0.679676 0.965995 0.502342
(39, 37) 0.679617 0.965669 0.502080
(39, 38) 0.679604 0.963917 0.500728
(39, 39) 0.678980 0.961604 0.500292
