(126352, 0, 0)
(129040, 52, 24)
(128844, 28, 160)
(110676, 476, 448)
(128344, -504, -504)
(103164, 12, 36)
(128484, 0, -28)
(128588, 0, 0)
(128528, 0, 308)
(129336, 232, -8)
(129296, 432, 76)
(98296, 28, -20)
(119620, 0, -12)
(113352, 140, 140)
(129008, 0, -112)
(128900, 0, 0)
(115104, 0, -56)
(119600, 140, 112)
(123024, 0, 412)
(128332, 0, 28)
(108624, 624, -856)
(102580, 40, 40)
(123400, 68, 68)
(127788, 0, 0)
(129316, -288, -280)
(126360, 0, 0)
(128680, 0, 0)
(110968, 0, -84)
(127760, 812, 700)
(100684, 56, -60)
(129556, 76, 76)
(123040, 0, 308)
(87500, 292, 588)
(128856, 0, 8)
(125476, 84, -56)
(128732, -252, -300)
(128448, 252, 92)
(129248, 448, 448)
(121144, 24, 24)
(129096, 56, 4)
(128844, 0, 0)
(121140, -8, -8)
(117860, 1232, 308)
(116420, -392, -812)
(129480, 656, 656)
(123148, 0, 0)
(109564, 0, 1216)
(128916, 0, -28)
(95720, 1160, 948)
(111920, 180, 180)
(113524, 0, -168)
(126904, 0, -252)
(115160, 0, -56)
(121120, 0, 168)
(126640, 56, -84)
(103736, 152, 152)
(128960, 0, -116)
(128848, -8, -72)
(103868, 0, -88)
(118588, 84, 28)
(129372, -44, 136)
(111220, 0, 84)
(129412, 252, 28)
(106216, 0, 0)
(128560, 112, -140)
(128960, 116, 116)
(129256, 28, -200)
(129200, 476, 392)
(128896, 0, 24)
(112600, 28, 28)
(128824, 28, -84)
(128848, 0, 52)
(121068, 0, -8)
(128536, 0, 0)
(123164, 0, 0)
(113920, 28, 8)
(113456, 272, 272)
(105116, 188, 188)
(128900, -8, -8)
(125660, 0, 0)
(106160, -56, -56)
(123156, 0, 412)
(112628, 0, 0)
(129204, -168, -16)
(128620, 140, 140)
(109752, 252, 196)
(110856, 28, 16)
(111268, 0, -56)
(128536, 0, -56)
(123216, 0, 0)
(118612, 628, 416)
(125672, 0, -196)
(123456, 444, 444)
(128972, 0, -12)
(123180, 20, 20)
(127208, 48, 48)
(103124, 68, 8)
(105584, 140, 8)
(127984, 28, 0)
(128708, 0, 0)
(128980, -92, -92)
(129088, 44, -364)
(102868, 68, 36)
(111492, 224, 224)
(97072, 200, 320)
(129624, 80, -252)
(125688, 28, 28)
(122408, 0, 12)
(111304, 196, 196)
(114136, 56, -468)
(129048, -36, 12)
(128972, 0, -8)
(128900, -216, -140)
(87804, -16, -16)
(129004, -84, -280)
(128916, 0, 168)
(110780, 0, 8)
(124164, 56, 0)
(128932, 64, 8)
(129612, 152, 212)
(129452, 272, 216)
(126664, 0, 0)
(111352, 20, -8)
(104708, 84, 216)
(128960, 84, 84)
(127116, 16, 16)
(125844, 0, -140)
(121624, 8, -96)
(123172, 0, -12)
(123596, -44, -44)
(129108, 320, 172)
(124052, 56, 28)
(105444, 132, 132)
(129428, 308, 112)
(126296, 84, 20)
(129548, -76, -156)
(119612, 0, 0)
(128236, -716, -532)
(128888, 84, -24)
(128896, -24, -24)
(119608, 140, 72)
(111108, 0, -140)
(129264, 192, 164)
(129192, 172, -364)
(112628, 28, 28)
(124356, 24, -144)
(128376, 196, 196)
(128928, 84, 56)
(128616, -168, -168)
(121068, 8, 8)
(129528, 828, 716)
(111688, 456, 388)
(123480, 420, 420)
(87892, 112, 336)
(128380, 104, 104)
(121068, 224, -196)
(128708, -124, -312)
(128172, 28, 28)
(128948, -256, -772)
(128172, 0, -28)
(128940, 168, 168)
(118360, -24, 48)
(111664, 0, 0)
(125892, -32, -32)
(128772, 0, 0)
(123208, -428, -568)
(129016, 24, -4)
(128584, 0, -56)
(113828, 140, 52)
(115464, 12, 36)
(124428, -112, -112)
(129108, 0, -140)
(128616, 28, 28)
(123148, -308, -752)
(129516, -60, -76)
(129240, -12, -296)
(129044, 408, 636)
(115448, 92, 484)
(129132, 84, -72)
(128836, 140, 84)
(126360, 84, -56)
(128732, 0, 252)
(87504, -272, -272)
(127032, -116, -72)
(129384, -20, -656)
(108948, 260, 56)
(128960, -324, -784)
(128700, 84, 108)
(98296, 0, -28)
(128808, 108, 108)
(119780, 112, 112)
(128588, 404, 808)
(115348, 68, -396)
(128196, 0, 244)
(86148, -39144, -35268)
(129124, -324, -224)
(119780, 0, -112)
(123012, 1384, 1440)
(128788, -148, -148)
(128948, -12, -12)
(128764, 0, -420)
(128068, 280, 280)
(111276, 0, -56)
(129152, 228, 236)
(128488, -272, -556)
(127780, 0, 308)
(129032, 84, -176)
(128940, 0, -168)
(128848, -244, -536)
(126928, -160, -1076)
(113368, 0, 0)
(126408, 0, 0)
(118652, 56, 48)
(123044, 0, 0)
(129020, 0, -28)
(112392, 572, 544)
(126432, 252, 252)
(98272, -24, -24)
(128724, 0, 0)
(128032, -812, -764)
(128920, 28, 0)
(128976, -232, -312)
(128924, 0, -84)
(127920, 168, 28)
(123024, -8, -8)
(123208, -8, -8)
(128856, 0, -112)
(121060, 0, 8)
(121116, 0, 0)
(128068, 0, -28)
(103588, 148, 120)
(121628, 132, 400)
(114124, 0, -8)
(90228, 284, -12)
(127160, 0, 0)
(110116, 364, 364)
(111784, -52, -52)
(121440, -8, -8)
(128784, 0, -28)
(129148, 48, 24)
(128660, 128, 72)
(103400, 140, 44)
(129620, 284, 212)
(127380, 0, 0)
(129244, 108, -160)
(128480, 140, 56)
(103176, 60, 60)
(127212, 52, 52)
(129156, -168, -92)
(128792, 0, -224)
(129088, 56, -28)
(128144, 0, -28)
(128756, 96, 36)
(112408, 0, -16)
(128756, 24, 24)
(105312, 0, 0)
(129344, -44, -252)
(128888, 216, 12)
(123480, 0, -280)
(122168, 0, 240)
(114320, 0, -28)
(128236, 0, 140)
(128788, 0, 252)
(119304, 0, 24)
(128868, -412, -836)
(128616, -84, -168)
(128608, 112, 112)
(129084, 96, 96)
(127844, 0, -28)
(129108, 140, 80)
(123160, -316, -624)
(128688, -196, -168)
(128708, -176, -4)
(128792, 28, -56)
(128940, -148, -192)
(111812, 0, -28)
(123856, 84, 0)
(106232, -12, -12)
(123940, 28, -28)
(128180, 0, 0)
(123260, 12, 424)
(129072, -56, -336)
(129016, 84, 0)
(104644, 504, 100)
(129460, 16, 196)
(128120, -440, -692)
(116840, 1064, 1008)
(118504, 56, -112)
(120576, 356, 72)
(129300, -72, -28)
(126148, 476, 476)
(121840, 176, 92)
(116672, -448, -476)
(106216, 0, 16)
(123148, -372, -744)
(116232, -420, -840)
(129408, 112, -224)
(128620, 12, -100)
(126444, 0, -56)
(129116, 8, 8)
(112532, 0, -28)
(128980, 0, 0)
(110828, 12, 12)
(106148, -68, -68)
(113120, 28, 28)
(113976, 28, 0)
(95832, 12, -36)
(128968, 28, 40)
(127140, 40, 40)
(120424, 12, -44)
(127188, 0, 0)
(112572, -16, -16)
(123156, -412, -832)
(106520, 116, 116)
(125908, 0, 0)
(129172, 324, 324)
(128924, -144, -144)
(129548, -8, -716)
(129236, 0, -28)
(127236, 0, 0)
(128792, 0, 76)
(118196, 1144, 560)
(128848, -8, -8)
(116532, 0, 0)
(128876, 0, 128)
(120508, 0, -560)
(129572, 232, -116)
(111500, 164, 164)
(128480, 0, -28)
(127100, 80, 80)
(129264, -36, 36)
(128700, 0, -84)
(128800, 12, 192)
(126920, -8, -8)
(110148, 460, -116)
(122064, 0, 8)
(128180, 140, 84)
(128840, 0, 0)
(128660, 60, 60)
(128988, 16, 16)
(125252, 0, -140)
(127404, 0, 0)
(128280, 20, -112)
(122032, 96, -56)
(128636, -228, -44)
(128772, 0, 60)
(123348, 308, 308)
(123660, 112, 56)
(129344, -92, 28)
(129004, 0, 84)
(126792, -112, -112)
(95944, 224, -936)
(128872, 28, 28)
(128864, -96, 76)
(129040, 100, 352)
(128496, 0, 0)
(110816, 140, -336)
(122376, 0, 0)
(118620, 0, -444)
(103468, 0, 80)
(115612, 0, -84)
(126352, -116, -288)
(97284, 32, -148)
(129460, -60, 4)
(123152, 8, -20)
(128676, -716, -792)
(128936, 0, -52)
(128096, 0, -28)
(123100, -24, -48)
(128424, 0, 0)
(111212, -88, 60)
(129604, 372, -76)
(96380, 84, 0)
(112684, 0, -28)
(104756, 0, -28)
(129068, 152, 152)
(116956, 684, 684)
(121440, 0, 8)
(113336, 0, 0)
(128676, 28, 0)
(112368, 64, -552)
(129012, 0, -28)
(127200, 0, 0)
(101132, 272, 180)
(128648, 28, 16)
(128744, 56, 56)
(123676, 664, 260)
(129516, -56, -288)
(123200, -384, -776)
(121028, 212, 48)
(128708, 496, 1160)
(129048, 28, 28)
(125672, 196, 112)
(129212, -52, -144)
(128528, -308, -468)
(123168, 0, -8)
(118976, 364, -264)
(121732, 108, 100)
(98272, 0, 24)
(129148, 0, -48)
(129160, -24, -60)
(128932, -192, -548)
(127320, 0, -112)
(108000, 1480, 1364)
(129280, 424, 312)
(123912, 56, -28)
(129076, 0, 0)
(128916, -168, -352)
(129100, 24, 24)
(129080, -168, -200)
(127736, 0, -84)
(123200, -8, -8)
(126984, -136, -164)
(128572, 0, -28)
(104624, -16, 44)
(109040, -520, 2056)
(121120, 0, -12)
(128784, 140, 112)
(128896, 108, 72)
(127160, 0, 160)
(125304, 896, 756)
(128712, -364, -520)
(128736, 28, -468)
(123232, 24, 436)
(122988, 0, 8)
(125000, 0, 0)
(106188, -28, -96)
(104100, 0, 48)
(102540, 0, 0)
(129056, -132, -216)
(129008, 112, 112)
(113296, 0, 0)
(128588, 420, 420)
(126664, 28, -28)
(104756, 28, -76)
(128908, -196, -108)
(120188, 588, 280)
(128568, 224, 28)
(126700, 0, -28)
(129596, 1184, 288)
(125252, 140, 140)
(128752, 0, 0)
(113328, 40, 40)
(96872, -120, -264)
(129584, 264, 492)
(87708, -16, -16)
(119304, -24, 248)
(127804, 140, 56)
(127872, 8, 316)
(112952, 0, 0)
(123200, 0, 0)
(128972, 0, 0)
(125792, 152, 184)
(111336, -16, -36)
(122364, 0, 0)
(129032, 0, -104)
(115476, -136, -136)
(128700, 0, 0)
(127036, -1700, -1320)
(116740, 52, 52)
(128456, 588, -280)
(128360, -420, -420)
(116440, -284, -884)
(128484, 160, 160)
(112952, -244, -372)
(128412, 896, 1092)
(127116, -140, -280)
(111220, 0, 0)
(109560, -2576, -3056)
(119292, 592, 512)
(102648, 184, 184)
(128864, 0, 84)
(103116, 0, 0)
(121784, 76, 8)
(112532, 28, 28)
(119432, 56, -56)
(128932, -184, 44)
(109064, -408, -1100)
(126388, 28, 28)
(126136, 28, 28)
(114324, 188, 132)
(128992, 192, 200)
(127928, 56, 48)
(127844, 28, 0)
(128936, 52, -4)
(104928, 0, 0)
(127008, 0, 28)
(115048, -1792, -2856)
(103176, 0, -60)
(129132, 12, 12)
(116392, 0, -28)
(128784, 24, 8)
(123204, 0, -72)
(129176, 92, -12)
(128040, 0, -28)
(128888, 176, -172)
(122616, 56, -140)
(115216, 0, -56)
(105232, 0, -124)
(129124, 28, -56)
(128276, -104, -208)
(129004, -24, 148)
(127160, 0, 28)
(127704, 0, 1824)
(121048, 0, 8)
(121056, 0, 336)
(128672, 168, 168)
(127232, 132, 1784)
(128168, -448, -448)
(123204, -288, -568)
(100512, 96, 20)
(113184, -152, -344)
(129084, 104, 104)
(128152, -532, -532)
(125780, -168, -168)
(123444, 420, 420)
(111792, 12, 12)
(103868, 0, 0)
(125936, 0, 0)
(123252, 0, 0)
(129156, 72, 72)
(121148, 0, 0)
(113976, 140, 132)
(122728, 112, 56)
(126808, 0, 0)
(126408, 28, 0)
(129072, -124, 56)
(121900, 168, 168)
(128788, -180, 368)
(128228, -560, -560)
(128576, 12, 12)
(129180, 4, -84)
(117688, 292, 180)
(128844, 0, -56)
(127788, 28, 28)
(123068, 28, 28)
(127192, 160, 160)
(112504, 0, 16)
(128616, 0, 84)
(115556, 92, 80)
(111800, 0, 0)
(114224, 0, -28)
(129320, -228, -220)
(127864, -308, -700)
(111800, 0, -24)
(92092, 0, -224)
(123192, -16, -16)
(128184, -404, -404)
(127092, 24, 24)
(122168, 0, 0)
(123040, 0, -8)
(128424, -24, -24)
(126672, 0, 0)
(128944, -12, 112)
(120816, 164, -76)
(113828, 0, 0)
(116684, 12, 12)
(127140, 0, -40)
(129556, -64, -348)
(126212, 64, 64)
(125828, 0, 364)
(121340, 36, 36)
(127320, 0, 0)
(128856, -8, 428)
(129144, 128, 44)
(115776, 56, -616)
(113212, -84, -84)
(128740, -8, -156)
(128908, 0, 240)
(128996, -76, -12)
(128564, 0, -28)
(128712, 0, 364)
(119880, 96, 96)
(126136, 0, 0)
(128936, -40, 100)
(128992, 104, 48)
(123236, 56, 56)
(127736, 0, 0)
(111336, 0, 0)
(128892, 168, 168)
(125544, 28, 28)
(113364, 0, -28)
(111268, 56, 56)
(127020, 28, -100)
(113356, 0, -28)
(129252, 0, -40)
(121628, -56, -112)
(128684, 0, 0)
(115940, 304, 276)
(121304, 0, -504)
(127652, -1428, -1164)
(128936, 72, 72)
(128856, -308, -616)
(128452, 28, 0)
(121684, 56, -76)
(118384, -72, 3240)
(128988, 24, 24)
(113828, 0, -140)
(116392, 28, 456)
(127592, 0, -140)
(128532, 12, -100)
(122220, -496, -1308)
(129120, 0, 0)
(97412, 128, 96)
(117284, 496, 240)
(123540, 280, 560)
(123772, 84, 56)
(87776, 112, 252)
(119352, -208, -552)
(128816, 28, 28)
(129336, 72, -48)
(103548, 516, 516)
(128948, 84, 152)
(111304, 28, 28)
(113328, 0, -40)
(86396, 276, 304)
(95772, -504, -532)
(128816, -216, -60)
(128536, 56, -84)
(127008, 0, 0)
(123060, 0, 0)
(103176, 0, 0)
(128528, -308, -308)
(110200, 28, 0)
(105240, 0, -8)
(115644, 196, 104)
(128740, 0, 0)
(127256, 56, 56)
(128644, -336, -312)
(128588, 0, -404)
(126808, 4, 4)
(126640, 0, -56)
(115092, 208, 232)
(128944, 0, 0)
(123376, 308, 308)
(128920, -48, -164)
(118620, 0, 0)
(121512, 68, -68)
(103260, 96, 96)
(128700, -392, -236)
(125044, 0, 0)
(128856, 112, 112)
(114568, 0, 24)
(128948, 260, 260)
(128424, 356, 76)
(126792, 0, 0)
(127396, 0, 0)
(115568, 28, 0)
(124804, 448, 424)
(127380, 0, -120)
(108688, 204, -172)
(126192, 504, 476)
(128928, 0, -56)
(129120, 196, 340)
(116272, 24, 80)
(124908, 24, 24)
(128744, 0, 448)
(113368, 0, -56)
(122436, 320, 292)
(125660, 28, 28)
(128936, 0, 132)
(122800, 0, -672)
(105312, -596, -1264)
(128824, 140, 140)
(129144, -236, -628)
(104156, 0, 84)
(106216, -28, -56)
(126904, 0, 16)
(126296, 0, -84)
(114092, 168, 168)
(128832, -40, -68)
(125632, 0, 3332)
(123248, -388, -808)
(126696, 0, -56)
(123208, 0, 428)
(114320, 28, -152)
(115528, 0, 116)
(128744, -448, -748)
(128844, 0, -28)
(87820, 0, -28)
(111812, 0, 0)
(102376, 844, 512)
(115528, 0, 0)
(104624, 0, 16)
(88080, 0, 16)
(128840, 0, -84)
(123504, 308, 280)
(129252, 284, 284)
(125780, 0, 0)
(117984, 212, 300)
(88080, 0, 0)
(128272, 40, -100)
(128908, 36, 288)
(119480, 280, 56)
(127684, 0, -8)
(122988, 0, 0)
(127460, 0, -28)
(111232, 68, 40)
(127116, 0, -16)
(127712, 0, 124)
(120604, 28, -328)
(123376, 308, 280)
(128488, 0, -32)
(123332, 336, 328)
(112796, 0, 0)
(128800, 0, 0)
(115484, 112, 56)
(103440, 28, 28)
(123216, 0, 8)
(123132, -20, -20)
(116476, 56, 56)
(128236, -140, -336)
(121140, 0, 0)
(125924, 0, 0)
(129020, -60, 36)
(123304, 308, 308)
(113776, -148, -8)
(116776, 36, 36)
(128600, -260, -260)
(118280, 548, 116)
(128892, -120, -64)
(129044, 28, 28)
(128900, 0, 8)
(128744, 0, 0)
(124804, 0, -448)
(129080, 56, 28)
(128960, 0, 0)
(109688, 576, 412)
(118248, 84, 28)
(103036, 168, 100)
(127952, 148, 8)
(128408, 0, 0)
(110780, -8, 3076)
(111268, 0, 0)
(128768, 12, 12)
(128872, 0, -28)
(121844, -244, -432)
(119020, 84, -48)
(128856, 0, 0)
(129008, -76, -112)
(128684, 0, 56)
(106256, 0, -792)
(121148, 8, 8)
(128424, 0, -356)
(129560, 420, 204)
(128688, 0, 252)
(125920, 0, 0)
(128936, 0, -72)
(129228, 228, 200)
(129040, -196, -196)
(98268, 48, -84)
(129164, 308, 308)
(95952, 120, 108)
(115608, 40, 12)
(128864, -184, 104)
(109112, 164, -96)
(126444, 56, 28)
(129200, 128, 252)
(128944, 0, -84)
(106244, 56, 84)
(123144, -28, -28)
(125912, 0, 364)
(127260, 224, 196)
(127712, -124, -180)
(125752, -28, -28)
(128756, -16, -16)
(120632, 28, 0)
(127928, 0, -28)
(123660, 420, 428)
(121936, 152, 76)
(124456, -132, -132)
(112656, 28, 28)
(123152, 0, 0)
(109388, 200, 116)
(125780, -616, -616)
(129124, 196, 112)
(128940, -252, -188)
(125920, -84, -168)
(126960, 84, 84)
(126104, 244, 160)
(129232, 448, 364)
(126948, 0, 84)
(127704, -1832, -2512)
(92092, 224, -568)
(128892, 0, -28)
(121144, 0, -24)
(128488, 0, 272)
(119716, 68, 68)
(126256, 152, -92)
(109564, 0, 0)
(128696, 56, 0)
(126180, -8, -8)
(111212, 0, 88)
(127712, 0, 0)
(128988, 28, -28)
(127012, 0, -28)
(128900, -300, -776)
(106216, -16, -4)
(125912, 160, 160)
(112408, 0, 0)
(128892, 0, -16)
(128784, 184, 40)
(104712, 0, -4)
(129324, 292, 292)
(122120, 0, 0)
(129116, 208, 208)
(116468, 0, -28)
(121580, 76, 76)
(122996, -308, -616)
(126776, 28, 0)
(129344, -12, -20)
(116364, -428, -876)
(111740, 0, 24)
(121384, 0, 8)
(127036, 0, 1700)
(110780, 0, 0)
(127080, -28, -28)
(114568, -24, -192)
(116232, 56, -28)
(126352, 0, 116)
(128884, 8, -64)
(115316, 84, -56)
(89648, 0, 0)
(128800, 56, 56)
(123652, 0, 0)
(96276, 28, 28)
(128848, 236, 220)
(128616, -168, -308)
(125792, 0, 0)
(123616, 112, -168)
(114884, -24, -468)
(128012, 0, -28)
(125160, 588, 96)
(127592, 0, 0)
(129324, -60, -40)
(128348, 56, 0)
(128588, 420, 532)
(121120, -168, -364)
(129072, -64, -100)
(117092, 136, -548)
(127956, 28, 28)
(128104, 72, 884)
(124916, 84, 56)
(126580, 324, 172)
(128988, 0, 0)
(128732, -100, 136)
(121292, 252, 252)
(129264, -60, 0)
(128976, -168, 68)
(116672, 0, 448)
(122472, 28, 28)
(103780, 192, 44)
(126092, 0, -56)
(128804, 0, 252)
(129388, 292, 268)
(128924, 116, 8)
(129228, -80, -244)
(121716, 60, 248)
(126036, 0, 0)
(128724, 84, -28)
(104928, 0, 80)
(127148, -44, -44)
(114696, 0, 0)
(129104, 240, 184)
(121504, 164, 128)
(129016, 28, 28)
(126696, 56, 56)
(128780, 0, 336)
(129016, 0, -28)
(111664, 0, -96)
(124428, 84, 84)
(128832, 188, 188)
(127000, 204, -160)
(111792, 0, 0)
(128788, 0, 0)
(123196, 8, 8)
(121048, -8, -8)
(103152, -24, -24)
(123680, 0, 892)
(126640, 0, 0)
(129020, 0, 56)
(94020, 1012, 232)
(121288, 196, 196)
(109104, 40, 40)
(123764, 0, 0)
(123192, 0, -28)
(113336, 192, 0)
(127704, -1824, -2652)
(127404, 0, -12)
(129356, 8, -352)
(128824, 0, -140)
(126632, 28, 28)
(116372, -392, -840)
(125704, -8, -8)
(128768, -132, 168)
(111784, 0, 0)
(129088, 196, 196)
(128836, 56, 28)
(129172, -72, -216)
(128872, 28, 0)
(123016, 0, 344)
(109352, 312, 832)
(116272, 0, -24)
(129588, -24, -112)
(128936, 196, 196)
(129020, 28, -164)
(121120, 12, 12)
(126696, 0, 0)
(116272, 0, 0)
(114436, 116, 116)
(121048, 0, 0)
(127396, 0, -140)
(127676, 84, 84)
(123572, 428, 428)
(123036, -24, -24)
(103980, 112, 112)
(127100, 0, 0)
(127876, 140, 140)
(127108, 0, 0)
(129032, -124, 44)
(122996, -308, -756)
(128196, 160, 160)
(123200, 28, 28)
(119976, 96, 0)
(129192, -124, -488)
(128920, 0, -8)
(116792, 448, 896)
(128448, 0, -252)
(123008, 0, 16)
(128168, -112, -112)
(116476, 0, -56)
(128896, -136, -32)
(123620, 420, 420)
(116684, 0, 0)
(122064, -8, 132)
(115096, -8500, -8500)
(129068, 252, 252)
(128732, 56, 28)
(123688, 28, -84)
(121364, -148, -456)
(126664, 28, 28)
(123100, 0, 24)
(123204, 0, 0)
(128548, -8, 376)
(117300, 180, -164)
(129604, 732, 728)
(128864, -68, 116)
(129148, 136, -8)
(111820, 28, 28)
(118792, 140, 84)
(113068, 0, 0)
(89548, 812, -76)
(103412, 0, 84)
(128800, -200, -132)
(123488, 112, -196)
(104512, 356, 356)
(129192, -64, -92)
(128688, -252, 12)
(128196, 0, 0)
(121308, 0, -260)
(113184, 0, 152)
(126468, 172, 172)
(126776, 0, 0)
(126276, 496, 496)
(123360, 28, -280)
(97252, 180, -20)
(128752, -252, -16)
(114116, 140, 112)
(128420, -560, -716)
(126408, 0, -84)
(129560, 404, 332)
(128892, 56, -84)
(128944, 0, 12)
(112560, 0, 0)
(123188, -316, -624)
(128676, 56, 56)
(123172, 12, 424)
(120508, 0, 0)
(126636, 0, 140)
(129140, -12, 24)
(128800, -8, -404)
(125780, 0, 616)
(109752, 0, -252)
(128560, 252, 252)
(128964, 28, 28)
(121092, 0, 0)
(129080, -264, -48)
(129008, -152, -68)
(128952, 0, -56)
(129468, -128, -1312)
(122088, 24, 24)
(127752, 0, -56)
(115160, 0, 0)
(109444, 56, -144)
(129564, -20, -92)
(128980, -24, 0)
(120356, 380, 284)
(104148, 140, 112)
(127696, -784, 168)
(116740, 0, 0)
(128640, 56, 56)
(128780, -336, -544)
(128864, 0, 0)
(113776, 0, 0)
(119648, 0, -36)
(111780, -140, -320)
(96248, 0, 132)
(112504, 0, 0)
(125912, -364, -812)
(87616, -276, -388)
(128988, 0, -28)
(121616, 104, 36)
(123360, 336, 644)
(128900, -140, 56)
(121432, 140, -112)
(128756, 0, 0)
(115348, 0, -68)
(126692, 28, 28)
(111336, -8, -16)
(129080, -96, -188)
(125920, 0, 84)
(129072, 0, 0)
(112956, 0, 0)
(121880, 440, 440)
(113208, 544, 248)
(129224, -40, -4)
(128880, -168, -196)
(127192, 0, 0)
(125936, 16, 16)
(125828, 0, 0)
(128620, 0, 8)
(123680, 0, 0)
(119620, 12, -128)
(125776, 364, 112)
(87804, 0, 0)
(124540, -16, -60)
(113356, 0, 0)
(121384, -8, -8)
(128640, -244, -244)
(106588, 332, 332)
(128688, 0, -136)
(115600, 0, -252)
(123040, 8, 8)
(128584, 0, 728)
(126228, 0, 0)
(113948, 28, 0)
(116124, 28, -28)
(128740, 0, 8)
(128832, -252, 124)
(103056, 60, 48)
(129020, -56, -308)
(116304, 364, 60)
(115228, 140, -196)
(113924, 0, 336)
(128784, 0, -184)
(127780, -308, -644)
(128968, 0, 84)
(129196, -180, 0)
(121924, 0, -252)
(116736, 504, 924)
(128828, 252, 448)
(128908, 48, 156)
(110144, 28, -336)
(129028, 120, 72)
(97712, 300, 172)
(125292, -3876, -3868)
(128484, 28, -560)
(127788, 84, 84)
(123232, 28, 28)
(128772, -16, -16)
(111828, 28, 28)
(128884, 56, 28)
(115512, 28, -84)
(114592, 168, 124)
(123652, 252, 184)
(127100, -1652, -1652)
(116096, 56, 56)
(128748, 148, 120)
(128588, 28, -84)
(104640, -60, -60)
(125640, -32, -32)
(127704, 0, 1832)
(128584, -728, -452)
(123188, 0, 0)
(129312, -276, -252)
(115708, 96, 40)
(127200, -1652, -2744)
(126004, 84, 84)
(109064, 0, 408)
(128760, 284, 4)
(112136, 480, -228)
(128884, -172, -32)
(121040, 0, 0)
(129436, -120, -56)
(123148, -44, -44)
(128840, 0, -56)
(101200, 68, -204)
(129132, -412, -832)
(128740, 532, 1344)
(105108, -8, -196)
(110968, 84, 56)
(123044, 0, -8)
(119560, 344, 148)
(128144, 224, 56)
(113212, 0, 0)
(123032, 16, 16)
(125516, 0, -212)
(122396, 336, 336)
(121140, 0, 8)
(124404, 0, -60)
(127000, 0, -204)
(114796, 0, 0)
(129596, 80, 140)
(117732, 432, 252)
(116724, 600, 572)
(121060, 0, 0)
(104700, 0, -188)
(87776, 0, 0)
(129272, -36, 56)
(123192, 0, 0)
(119836, 0, -56)
(129492, 280, 256)
(128844, 56, -308)
(113296, -56, -196)
(116040, 8, -8)
(123324, 0, -224)
(128872, 0, 0)
(126128, 60, -24)
(128880, 0, 168)
(103736, 0, -152)
(129228, 152, -16)
(129560, 64, 156)
(128844, 28, -28)
(125844, 140, 140)
(113192, 0, 0)
(119648, 36, 36)
(123260, -420, -560)
(127192, 0, -160)
(128728, -280, -204)
(125672, 24, 276)
(129120, 420, 420)
(123996, 28, 28)
(100860, 92, 8)
(128372, 8, 8)
(125828, -364, -868)
(122060, 0, 0)
(118292, 0, 68)
(128984, -76, -28)
(128448, 1044, 1044)
(127488, 0, -28)
(118360, 0, 0)
(123208, -308, -616)
(128872, 4, -136)
(128964, -56, 84)
(128640, 264, 936)
(129088, 216, 48)
(123208, 12, 4)
(107788, 332, 308)
(128840, 28, 28)
(123040, -308, -616)
(106244, 0, 0)
(126108, 0, 0)
(96296, 84, -172)
(128864, 356, 356)
(121640, 8, 92)
(123168, 0, 0)
(127608, 220, 220)
(128868, 140, 744)
(129048, 156, 100)
(121068, 0, -224)
(87820, 28, -56)
(126196, -728, -728)
(111740, 0, 0)
(116532, 0, 28)
(109732, 80, -220)
(116792, 420, 420)
(114696, 0, -688)
(128856, -324, -352)
(128324, 0, -52)
(116420, 0, 0)
(128600, -140, -280)
(128756, 168, -252)
(116372, 0, 392)
(128856, 0, 308)
(128740, -28, 104)
(121512, 308, 308)
(126196, 0, 0)
(123032, 0, 0)
(113144, 192, 192)
(118804, 12, -128)
(129076, 132, 132)
(94560, 212, -116)
(113848, -88, 12880)
(129100, 156, 364)
(87664, -140, -140)
(114196, 72, 72)
(122212, 180, 84)
(112952, 0, 244)
(128964, 28, -168)
(119388, 36, 36)
(99520, 628, 472)
(122356, 268, 244)
(128812, 16, 180)
(106256, 792, 420)
(128456, 124, 124)
(123168, 8, 8)
(125908, 0, -16)
(113336, 8, 8)
(113288, 0, 196)
(128144, 28, 8)
(126920, 0, 8)
(113484, 348, 332)
(123024, -308, -616)
(112684, 0, 0)
(127900, 28, 0)
(125900, 56, 56)
(113828, -84, -84)
(128952, -184, -144)
(129624, 20, -352)
(128788, -252, 16)
(128992, 168, 168)
(126072, 28, -112)
(115452, -24, -132)
(128128, 0, 0)
(128036, 0, 336)
(122088, 188, 20)
(121384, 0, 0)
(123436, 392, 392)
(119668, 28, 28)
(128600, 56, 0)
(113120, 0, -28)
(125252, 0, 0)
(125920, 12, 12)
(128640, 112, 420)
(123252, 0, 8)
(123012, 0, -1384)
(126304, 0, 0)
(129164, -164, -168)
(125752, 0, 28)
(126604, 0, -56)
(128508, -736, -1100)
(128740, 140, 140)
(129188, 304, 304)
(121092, 24, 24)
(128868, 28, 28)
(89648, 100, -712)
(120032, 420, 420)
(128528, 0, 0)
(123680, 140, -140)
(129136, -24, 0)
(127192, -28, -168)
(100016, 224, -48)
(101532, 332, 264)
(128468, 216, 84)
(124428, 0, 112)
(127664, 84, -504)
(128200, 0, -28)
(128864, 0, 124)
(95956, 12, -212)
(119784, 28, -12)
(128280, 0, -20)
(128504, 0, -336)
(129328, 32, -400)
(128860, 52, 52)
(115600, 252, 252)
(87804, 0, 16)
(123200, 0, 8)
(128600, 0, 264)
(114908, 444, 416)
(125672, 0, 0)
(111568, -16, -108)
(111740, -24, 276)
(113524, 168, 168)
(128360, 0, 420)
(128336, 168, 168)
(128900, 0, 48)
(128924, 28, -80)
(129344, -216, -636)
(129404, 636, 576)
(129120, 0, -112)
(120800, 140, 112)
(128584, 0, 0)
(128932, 124, 96)
(129048, -288, -520)
(129032, 48, 124)
(123172, -28, -28)
(126792, 0, 112)
(121764, 448, 448)
(125924, 12, 12)
(128016, 84, -92)
(87500, -276, -388)
(106404, 0, -196)
(128520, 112, 112)
(122756, 28, -84)
(112504, -16, -16)
(128968, 116, 224)
(128896, 0, -28)
(128784, 0, -24)
(128756, 0, 408)
(125412, 252, -336)
(128936, -264, -12)
(126924, 0, 1092)
(86860, 464, 188)
(119612, 140, 112)
(104240, 140, 140)
(126876, 0, 0)
(126668, 784, 652)
(123436, 428, 428)
(115368, 84, 28)
(129524, 112, -72)
(128868, -276, 144)
(129208, 56, 0)
(121632, -84, -144)
(128804, 108, -168)
(125672, 0, 420)
(123044, 0, -1036)
(127192, 0, 28)
(119640, -392, -812)
(126396, 0, 0)
(128772, -60, -60)
(128928, 84, -28)
(118448, 168, -380)
(120004, 168, 168)
(112520, 0, 0)
(128860, 0, 0)
(128212, -664, -692)
(124108, 56, 0)
(129212, 196, 28)
(127448, 216, 84)
(125028, 28, 28)
(128684, -56, -84)
(125712, 0, 0)
(105312, 0, 596)
(123068, 0, -8)
(126700, 28, 28)
(128168, 0, 420)
(112588, 0, 0)
(87848, 988, 524)
(126904, -16, -16)
(129020, 252, 488)
(128752, 0, 252)
(123516, 308, 296)
(127188, -28, -28)
(128480, -952, -1432)
(128992, 28, 0)
(123224, 0, -12)
(128496, 0, -72)
(105232, 124, 132)
(128864, -112, 56)
(125904, 28, 0)
(128784, 84, -100)
(128128, 0, 728)
(129032, -156, -460)
(106216, 68, 136)
(127276, 0, -160)
(123888, 212, -452)
(128960, 28, 28)
(106160, 0, 0)
(129068, 0, -16)
(127676, 0, -84)
(112796, 84, 84)
(119468, 68, 56)
(110504, 356, -104)
(111276, 56, 56)
(128228, -752, -660)
(129068, 16, 16)
(108484, 376, 56)
(121308, 0, 0)
(128408, 0, -28)
(127068, 0, 1764)
(128916, 28, 28)
(123492, 280, 280)
(120508, 560, 616)
(128780, 0, 0)
(126136, 0, -28)
(115048, 84, 84)
(91076, 848, 564)
(129400, 72, 40)
(104624, 0, 0)
(124472, 0, -1036)
(123528, 280, 280)
(123168, 12, 12)
(126188, 60, 0)
(127868, 868, 868)
(121136, 0, 0)
(129100, 40, -44)
(121156, 0, -20)
(128780, 28, -124)
(120340, 0, -392)
(120412, 224, -364)
(116072, 280, 224)
(113092, 0, 0)
(128696, 84, 0)
(112520, 0, -112)
(123036, 0, 0)
(128616, 0, 168)
(121184, 28, 28)
(113872, 24, 112)
(128688, 136, 112)
(119756, 40, 40)
(111212, 0, 0)
(113312, 0, -16)
(128676, 0, -448)
(123008, 0, 0)
(129048, 168, 168)
(126804, 0, -28)
(128788, 112, 112)
(127592, 140, 112)
(123148, 0, 372)
(127236, 28, 28)
(116532, -28, -88)
(128724, 0, 176)
(122856, 56, 56)
(126236, -68, -68)
(126948, 112, -28)
(128372, 0, 0)
(128088, 336, 336)
(123060, 0, 316)
(128888, 56, 56)
(128380, 180, 180)
(110816, 0, -140)
(123212, 12, 396)
(123024, 8, 8)
(92092, 0, 0)
(123652, 0, -252)
(128544, 12, 0)
(127144, 0, 132)
(126444, 0, 0)
(122168, -240, -240)
(128988, 28, 28)
(127032, -112, -112)
(107236, 28, 2836)
(128600, 0, 140)
(129296, 336, 224)
(123192, 28, 28)
(118360, 56, 0)
(121108, -8, -8)
(112408, 16, 16)
(128868, 76, 524)
(113192, 0, 280)
(127836, 56, -20)
(129504, 260, 152)
(128928, -204, 208)
(122120, -316, -636)
(129072, 28, 0)
(123596, 392, 392)
(123480, 280, 252)
(115048, 0, 1792)
(126420, 200, 176)
(119640, 0, 392)
(129088, 0, -216)
(105908, 668, 668)
(123348, 0, -308)
(123636, 140, -140)
(119948, -56, -56)
(123124, 24, 24)
(128968, -84, -196)
(103032, 0, 0)
(120004, 0, 0)
(128780, 28, -28)
(126688, 132, 132)
(114380, 36, 36)
(96356, 0, 40)
(129060, -48, -48)
(123476, 308, 308)
(127872, 28, 28)
(119648, 0, 0)
(129084, 184, 184)
(115356, -392, -924)
(128968, 0, 0)
(128572, -372, -372)
(128972, 12, 12)
(129116, -76, -248)
(128232, 140, 0)
(125904, 0, -28)
(129348, 360, 596)
(129108, 0, 0)
(112392, 0, 0)
(114112, 588, 588)
(128876, -128, -128)
(103032, 0, -8)
(127740, 28, 0)
(128724, -176, 40)
(113364, 28, 28)
(129520, -64, -328)
(128228, 0, 0)
(129084, -48, -76)
(103868, 88, -104)
(100340, 108, 28)
(116500, 24, 24)
(129188, -36, -372)
(113196, 128, 128)
(127032, 0, 0)
(128972, 8, 64)
(121708, 68, 68)
(113296, 0, 56)
(107436, 528, 856)
(128508, 0, 736)
(113380, 0, 0)
(125924, 0, -12)
(128196, -244, -136)
(112588, 0, -28)
(125044, 136, 112)
(129160, 56, -28)
(128756, 0, -168)
(129000, 28, 28)
(129324, -76, -132)
(104140, 404, 404)
(128832, 0, 40)
(128948, -84, 40)
(112968, 0, 0)
(113328, 0, 0)
(113328, -40, -40)
(129092, -156, -604)
(126700, 0, 0)
(128804, -172, 60)
(118292, 0, 0)
(120632, 0, -28)
(115528, -116, -116)
(128852, -108, -12)
(115612, 84, 84)
(129200, 460, -72)
(119264, 504, 168)
(98296, 0, 0)
(123132, 0, 20)
(126904, 0, 0)
(127780, 76, 76)
(123016, -8, -8)
(128824, 28, 172)
(112656, 0, -28)
(117120, 28, -108)
(128488, 0, 0)
(112392, 0, -572)
(128744, 168, 168)
(129128, 112, 88)
(128760, 28, -28)
(113432, 0, 0)
(118700, 80, 80)
(123568, 420, 420)
(129196, -120, -92)
(127684, 0, 0)
(129392, 76, 364)
(126228, 0, 48)
(128840, 0, -28)
(98256, 0, 16)
(128644, 0, 336)
(128888, 0, 0)
(127164, 24, 24)
(126220, 24, 24)
(103024, 444, 404)
(88096, -19564, -19788)
(125112, 0, -84)
(128200, 28, 28)
(129176, 4, 76)
(128976, -140, -140)
(128092, 140, -8)
(123160, -16, -436)
(129048, -128, -100)
(129052, 0, 0)
(123640, 0, 0)
(128864, 56, -44)
(111780, 0, 140)
(115104, 56, 56)
(123100, 0, -28)
(118292, -68, -68)
(127780, 0, 0)
(123252, -8, 412)
(128672, 0, 0)
(103496, 96, 96)
(127752, 0, 0)
(105092, 448, -56)
(123540, 280, 268)
(127424, 28, 28)
(113336, 0, -8)
(128924, 0, 0)
(128932, 84, 28)
(87724, 224, -68)
(123016, 0, 8)
(129092, 292, 236)
(103164, 0, 0)
(96512, 56, 4)
(128720, 104, 104)
(123188, 0, 316)
(128812, 28, 28)
(129204, 84, -336)
(124884, 0, -8)
(128688, 0, 0)
(123024, 0, 0)
(121392, 0, -28)
(108780, 156, -468)
(120412, 56, -324)
(126556, 0, 0)
(128832, 0, 96)
(128924, 84, 84)
(129232, 428, 428)
(128952, 28, 28)
(128848, -416, -428)
(129284, 460, 236)
(127760, 0, -20)
(127140, 0, 0)
(100152, 136, -88)
(123216, -16, -40)
(115232, 140, -68)
(128752, 56, 56)
(123168, 0, -12)
(125000, 0, -56)
(128740, -180, -132)
(126444, -28, 364)
(113924, -140, -280)
(128884, -196, -28)
(113288, 0, 0)
(129040, -268, -372)
(128256, 28, 28)
(87748, 244, 516)
(126304, -168, -8)
(129124, 0, 0)
(128168, 0, 448)
(128892, 16, 16)
(127392, -16, -44)
(129252, 40, 28)
(123044, 8, 8)
(126652, 244, 244)
(126632, 0, -28)
(129036, 80, 724)
(128836, 0, -56)
(123680, -892, -1060)
(88004, 0, 0)
(112560, 28, 28)
(104928, -80, -264)
(124944, 28, -56)
(104156, -84, -168)
(122560, 196, 196)
(125948, 36, -124)
(128992, 68, -48)
(128144, 0, 0)
(129444, -180, -200)
(114064, 140, 140)
(106160, 0, 56)
(121924, 252, 12)
(129108, 224, 224)
(128696, 0, -84)
(128796, -144, 4)
(128584, 56, 28)
(127984, 28, 28)
(126068, 84, 84)
(123520, 372, 372)
(112560, 0, -28)
(127652, 0, 0)
(129248, 32, -52)
(114224, 28, -44)
(127932, 176, -132)
(113288, -196, -544)
(115372, 56, -28)
(128784, 28, 28)
(113836, -140, -280)
(120220, 284, -4)
(125392, 140, 140)
(129020, 0, 0)
(129056, 24, -24)
(96404, 48, 48)
(128788, -252, -352)
(128588, 0, 32)
(123164, 0, -16)
(129000, -68, -220)
(124268, 84, -336)
(128964, 0, -28)
(128276, 0, 308)
(88096, 0, 19564)
(123160, 0, 16)
(123068, 0, 412)
(128696, 276, 276)
(127116, 0, 140)
(122364, 0, -140)
(128884, 0, -8)
(123208, -412, -832)
(129124, 0, -28)
(129028, 300, 580)
(129212, 24, 60)
(119668, 0, -28)
(128752, -140, -308)
(128600, 0, 0)
(128904, 84, 56)
(122420, 64, -204)
(128792, -448, -436)
(128884, -184, 252)
(111664, 96, 112)
(116560, 60, 60)
(114568, 0, 0)
(122364, 140, 84)
(128804, -252, -120)
(127256, 140, 140)
(128228, 0, 560)
(128868, 0, -24)
(128980, 84, 84)
(126188, 0, -60)
(128168, -420, -420)
(128768, 60, 60)
(128824, 0, 108)
(127160, -160, -160)
(124332, 168, 112)
(112572, 0, 0)
(124540, 0, 0)
(125936, 0, -16)
(127432, 112, 28)
(103584, 0, -116)
(129020, 28, -140)
(128860, 140, 36)
(128936, -84, -24)
(129104, 84, -168)
(127180, 0, -16)
(129080, 12, 12)
(128448, 252, 252)
(114424, 44, 8)
(128912, -516, -824)
(103400, 0, -140)
(128740, 28, 28)
(126148, -84, -224)
(128796, 112, -224)
(128332, -28, -28)
(112684, 28, 28)
(96396, 160, -124)
(112712, 0, -28)
(129012, 28, 0)
(113776, 0, 148)
(113296, -160, -432)
(128676, 0, 716)
(128876, 0, 0)
(116696, 0, -12)
(110948, -4148, 4352)
(129508, 100, -36)
(113688, 88, -80)
(125892, 0, 32)
(123212, 0, 0)
(128792, 0, -28)
(128772, -664, -612)
(123024, -412, -840)
(128848, 0, -236)
(123172, 0, 28)
(129048, -156, -132)
(127180, 16, 16)
(129032, -104, -80)
(126948, 0, 0)
(128980, 0, -84)
(122856, 0, 0)
(123008, -16, -16)
(127696, 0, 784)
(128276, 0, 0)
(128728, -604, -888)
(128916, 0, 0)
(127276, 160, 160)
(119612, 0, -140)
(125920, 0, -12)
(103584, 116, 116)
(126664, 0, -28)
(128996, 28, 0)
(128576, 0, 0)
(115720, 672, 588)
(129480, 0, -656)
(119620, 0, 0)
(128672, 204, -12)
(128676, 0, 0)
(116008, 0, 0)
(127032, 0, 116)
(126928, 0, 0)
(128860, -108, 116)
(128968, -548, -492)
(111812, 28, 28)
(128876, 72, 72)
(128544, 56, 56)
(113556, 348, -196)
(87780, -224, -224)
(127652, 0, 1428)
(129536, 680, 680)
(116788, 256, 256)
(128740, 0, 180)
(128308, 72, 788)
(128332, 0, 0)
(129176, -28, -204)
(119716, 0, -68)
(122072, -140, -320)
(128908, 28, 28)
(128832, 0, 0)
(116008, 140, -224)
(125876, 28, -28)
(115540, 28, 0)
(129264, 12, 12)
(123496, 280, 280)
(127100, 0, 112)
(126992, 96, -108)
(118424, 64, 8)
(128708, 0, 124)
(114080, 524, 176)
(123024, 0, 8)
(122524, 52, 24)
(104156, 0, 0)
(103356, -140, -236)
(128644, 0, 0)
(125704, 0, 8)
(106208, 48, 48)
(103412, 0, 0)
(128764, -272, -352)
(106404, 196, 148)
(95820, 48, 552)
(128808, 28, 28)
(126104, 0, -560)
(127956, 28, -28)
(129052, 0, 56)
(119216, 196, 196)
(128788, 148, -116)
(126776, 0, -28)
(127020, 0, -28)
(128784, 0, 0)
(126804, 0, 0)
(121144, 0, 0)
(127408, 28, 28)
(122376, 132, 108)
(113068, 0, -192)
(128344, 196, -76)
(113296, 0, 160)
(128940, -12, -12)
(129544, 332, 136)
(127388, 0, 0)
(123640, 0, 40)
(124876, -112, 1308)
(128772, 0, 16)
(127044, 252, 252)
(128844, 112, 212)
(116008, 0, -140)
(93008, 780, 644)
(96456, 52, 4)
(128412, 84, -92)
(129264, 92, -232)
(127256, 0, 0)
(127816, 28, 0)
(126148, 0, 84)
(121204, 12, 4)
(128816, 56, 28)
(87724, 0, -224)
(128812, 0, -28)
(128984, 28, 0)
(122800, 0, 0)
(98736, 0, 0)
(121924, 0, 0)
(129428, 16, -236)
(102464, 0, -88)
(129096, 84, 84)
(126408, 0, -28)
(128924, -8, -72)
(126984, 0, 136)
(128228, 0, 752)
(129212, 12, -448)
(121640, 0, -8)
(111784, 0, 52)
(112304, 616, 160)
(123292, 56, 0)
(128932, 168, 440)
(121108, 0, 8)
(112968, 12, 12)
(128344, 0, 504)
(123152, 0, -8)
(128844, -48, 72)
(114824, 28, 28)
(128964, 348, 348)
(129160, 0, -56)
(124556, 44, 44)
(125908, 16, 16)
(129152, 96, 72)
(128096, 28, 28)
(125780, 0, 168)
(111448, -8, 36)
(127216, 8, 8)
(123212, -384, -776)
(125044, 0, -136)
(128236, 0, 0)
(123212, 0, -12)
(128800, 0, 200)
(113924, -168, -336)
(129192, 300, 300)
(126636, -140, -280)
(129076, 252, 252)
(127036, 28, 28)
(116696, 0, 0)
(126804, 28, 28)
(128456, -160, 8)
(125884, 132, 132)
(129136, 56, 0)
(128040, 56, 28)
(126984, 0, 0)
(125780, 0, 448)
(116688, 0, 8)
(128620, -8, -64)
(123016, -428, -848)
(129068, -436, -696)
(129240, -252, -532)
(121148, 28, 28)
(124512, 0, 0)
(123148, 0, 44)
(128420, 0, 560)
(111800, 24, -88)
(129372, -152, -168)
(126864, 0, 0)
(113392, 12, 12)
(128144, -592, -620)
(124428, 0, 0)
(129116, -312, -328)
(128908, -240, -376)
(116316, -420, -924)
(128944, -208, -304)
(126360, 0, -84)
(104624, -132, -132)
(129328, 4, -288)
(119328, -272, -412)
(129204, 516, 712)
(128752, -160, -124)
(114796, 0, -32)
(128940, 128, 112)
(128036, -336, -336)
(126276, 140, 140)
(126472, -160, -160)
(112796, 0, -84)
(122444, 0, -68)
(116740, 0, -52)
(128680, -268, -12)
(112588, 28, 28)
(109472, 692, 536)
(128476, 280, -308)
(117120, 344, 308)
(128928, 56, 56)
(128848, 0, 0)
(128744, -392, -448)
(119400, 12, -24)
(123492, 56, -60)
(113924, -336, -768)
(128608, 0, 588)
(128144, 0, 592)
(128616, -392, -636)
(127088, 916, 916)
(127488, 28, 28)
(129244, 32, 84)
(103468, 0, 0)
(129068, 0, -280)
(124344, 0, 0)
(128200, 0, 0)
(122376, 0, -132)
(129000, 8, -60)
(124832, 28, 28)
(113872, 96, 96)
(120004, 0, -168)
(123144, 0, 28)
(128576, -196, 468)
(129196, 96, 56)
(121056, -336, -344)
(128504, 0, 0)
(128612, 16, -96)
(128600, 0, 260)
(129184, 36, 36)
(123036, 0, 24)
(123548, 56, 0)
(128700, 112, 84)
(128852, 1092, 280)
(129332, 284, 116)
(126692, 0, -28)
(128324, 0, 0)
(113328, 0, 8)
(87776, 0, -260)
(128828, 28, 16)
(125912, 0, 0)
(128864, -436, -176)
(124472, 1036, 644)
(128944, 84, 32)
(128952, 52, 52)
(122244, 24, 520)
(123764, 0, -112)
(126688, 0, -132)
(113432, 40, 28)
(116468, 28, 312)
(114796, 32, -164)
(122060, 180, -260)
(111136, 40, -52)
(113380, 0, -16)
(87776, 260, 448)
(123100, 56, 56)
(126720, 0, 0)
(128700, 84, 84)
(112712, 0, 0)
(107432, 116, -612)
(124588, 0, 0)
(128788, 364, 388)
(117396, 112, -384)
(128824, 0, 0)
(123068, -412, -832)
(128808, -240, -84)
(123148, 0, 308)
(127108, 0, 244)
(126172, 0, 0)
(129100, -132, -560)
(119948, -560, -560)
(121504, 0, -164)
(119648, 168, -112)
(129072, 0, 56)
(128768, 0, -12)
(128836, 160, 160)
(119444, 0, 0)
(128892, 0, 0)
(129084, 0, 0)
(129432, 480, 480)
(128516, 28, 28)
(119444, 0, -140)
(98892, 156, 156)
(122060, 0, -180)
(128672, 0, -168)
(128760, 16, 408)
(114344, 0, -120)
(118620, 444, 464)
(123044, 1036, 952)
(104712, 0, 0)
(114008, 480, 304)
(126324, 76, 76)
(121904, 64, -112)
(129140, 216, 208)
(128768, -236, -232)
(129188, 84, 0)
(114116, 0, -140)
(129436, -52, -132)
(104700, 188, -168)
(128948, -48, 28)
(121040, 140, -420)
(125984, 0, -48)
(128736, -148, 48)
(124884, 8, 120)
(128756, -408, -244)
(128292, 56, 56)
(128988, -236, -196)
(121092, 0, -24)
(123216, 0, 16)
(129340, 348, 244)
(128684, 0, 252)
(128608, -588, -468)
(120900, 560, 560)
(123024, 0, -8)
(124408, 140, 56)
(129588, 560, 440)
(116688, -8, -8)
(87992, -28, -28)
(128420, 0, 0)
(104240, 84, 168)
(113328, 0, 40)
(128172, 392, 392)
(128824, 0, -28)
(128860, 0, -140)
(127220, 140, 168)
(128676, 448, 448)
(124540, 0, 16)
(129448, -100, -24)
(128968, -224, -28)
(128040, 28, 28)
(121040, 0, -140)
(123208, 0, 308)
(128884, 0, -56)
(127100, 0, -80)
(121136, -8, -8)
(122580, 28, 0)
(106908, -328, -356)
(113924, 0, 0)
(113380, 16, 16)
(129096, 24, 80)
(129416, -180, -260)
(103584, 0, 0)
(129004, 0, 0)
(127144, -132, -132)
(128364, 28, -140)
(123224, -392, -504)
(128572, 28, 28)
(118456, -3312, -1828)
(114616, 292, 104)
(112712, 28, 28)
(127108, -244, -552)
(128912, -88, -96)
(120844, 420, 408)
(127180, 0, 0)
(129236, 28, 28)
(126092, 420, 396)
(110816, 0, 0)
(129512, -92, -824)
(126604, 56, -48)
(91868, 792, -56)
(127452, 28, 28)
(129136, -40, -44)
(122008, 84, 84)
(126864, 56, 56)
(100416, 76, -32)
(123248, -280, -560)
(129316, -28, 16)
(87820, 0, 0)
(118760, 336, 272)
(120652, 240, 16)
(127160, -28, -28)
(129108, 0, -320)
(123584, 392, 392)
(129124, 356, 356)
(127256, 0, -56)
(114752, 56, 56)
(126896, 204, 204)
(96236, 284, 164)
(123332, 0, 0)
(128880, 12, 12)
(111332, 28, 28)
(128880, 0, -12)
(128036, 0, 0)
(115216, 56, 56)
(126876, -136, -136)
(128848, 56, 56)
(127208, 28, 28)
(102464, 88, -756)
(123224, 0, 0)
(119936, 288, 120)
(88004, 0, -12)
(128988, 0, -16)
(113328, -8, -16)
(126044, 140, 140)
(122540, 420, 420)
(128616, 0, 0)
(127116, 0, 0)
(113892, 20, -76)
(123016, -344, -680)
(113192, -280, -784)
(114964, 0, 0)
(128908, 0, 196)
(124080, 192, -20)
(128780, 0, -28)
(128836, 0, 0)
(126276, 448, 448)
(127068, 0, 0)
(111004, 500, 144)
(126236, 0, 68)
(123764, 112, 112)
(115736, 28, -68)
(128844, 28, 0)
(126584, 140, 140)
(128712, 0, 0)
(125516, 212, -684)
(128700, 184, 156)
(122800, 672, 1084)
(126864, 392, 392)
(128364, 0, -28)
(119460, 28, -28)
(117052, 584, 584)
(111836, 0, 16)
(128840, 84, 84)
(126672, 0, -252)
(125984, 0, 0)
(127032, 0, 112)
(129556, 708, 952)
(110788, -3084, -3108)
(128804, 0, 172)
(128952, 0, 0)
(109188, 84, 44)
(98256, 0, 0)
(128868, 56, 56)
(128328, 176, 176)
(128364, 260, 188)
(125712, 0, 672)
(111836, -16, -40)
(119780, 0, 0)
(107456, 24, -92)
(123164, 16, 16)
(128808, 396, 312)
(119376, 112, -392)
(128644, 28, 28)
(128968, 60, 24)
(128956, -124, -136)
(128324, 52, 12)
(128260, 132, 132)
(125000, 56, 28)
(122996, 0, 308)
(103468, -80, -596)
(129120, 112, 112)
(128552, 24, 24)
(126948, -84, -84)
(124344, 0, 112)
(127388, -756, -756)
(123968, 0, -28)
(126604, 0, 0)
(123332, 0, -8)
(128864, 0, 96)
(125712, -672, -672)
(123216, -16, -16)
(126548, 104, 104)
(128984, 48, 88)
(115612, 56, 56)
(116652, 420, 364)
(104824, 112, 112)
(106132, 548, 408)
(128408, 28, -152)
(128884, 0, 0)
(126720, 0, -28)
(116176, 84, 0)
(128876, -56, -224)
(88096, 0, 0)
(128612, 84, 28)
(104100, -48, -188)
(126636, 0, 0)
(126304, 0, 168)
(112600, 0, -28)
(129004, -4, 148)
(128576, 0, -12)
(123032, -316, -316)
(125792, 0, -152)
(109564, -1216, -1216)
(128896, 0, 0)
(129244, 144, -12)
(128960, 0, -28)
(122988, -8, 300)
(128504, 336, 336)
(128788, 36, 36)
(125860, 84, -280)
(121672, 240, 240)
(129204, -24, 56)
(121496, -268, -716)
(127684, 8, 8)
(129412, 184, 32)
(98736, 0, -396)
(128736, -380, -68)
(124184, 420, 420)
(111792, 0, -12)
(123596, 0, 0)
(123176, 420, 392)
(129604, -8, -160)
(118596, 8, -76)
(129116, 0, -8)
(128764, 420, 420)
(123068, 0, 0)
(119304, 0, 0)
(128956, 28, 28)
(116040, 0, -8)
(128764, 84, 84)
(128544, 0, 0)
(127208, 0, -16)
(123144, 28, 28)
(128252, 132, 572)
(100628, 116, 20)
(126172, -756, -756)
(129144, -420, -400)
(128824, -108, 84)
(128616, 0, -28)
(121108, 0, 0)
(104712, 4, -80)
(99792, 272, -356)
(88004, 12, 12)
(129188, -60, -144)
(123060, 0, 428)
(121060, -8, -8)
(129200, -252, -524)
(122716, 812, 748)
(123160, 0, 316)
(110016, 284, 204)
(129052, -56, -280)
(129180, 56, -140)
(126180, 0, 8)
(123192, 0, 288)
(128528, 28, 188)
(126196, 0, 728)
(120340, 0, 0)
(129176, 88, 32)
(123208, 0, 0)
(115704, 104, 104)
(129020, 536, 376)
(103412, -84, -224)
(123504, 280, 280)
(115792, 56, 28)
(129128, -136, -328)
(128700, 0, 392)
(102984, -52, -220)
(128708, 0, 176)
(111108, 140, 140)
(129104, 216, 40)
(121448, 0, -140)
(112968, 0, -12)
(116092, 84, 84)
(103032, 8, -436)
(121204, 0, -12)
(113472, 504, 504)
(112876, 80, 80)
(128960, 56, -28)
(126636, -324, -324)
(129152, -36, 24)
(121148, 0, -28)
(128068, 28, 28)
(87792, 84, 100)
(128168, 0, 504)
(129400, 56, 68)
(128804, 0, 0)
(124584, 112, 112)
(128196, 588, 368)
(123240, -8, -8)
(126108, 36, 8)
(126636, 0, 324)
(87208, -296, -184)
(129308, 164, 284)
(127036, 0, 0)
(126928, -524, -1308)
(127460, 0, 0)
(112600, 0, 0)
(128872, 168, 216)
(128068, 0, 0)
(128832, -236, -464)
(126928, 0, 160)
(127352, 308, 56)
(124988, -1420, -1420)
(126172, 0, 756)
(106244, 28, 28)
(102800, 32, -88)
(128864, -124, -124)
(127516, -196, -196)
(123204, 72, 72)
(124344, -84, -168)
(122224, 56, 56)
(88020, 0, 0)
(119668, 0, 0)
(126248, 0, -12)
(128988, 56, -68)
(114696, 688, 208)
(123248, -412, -832)
(115104, 0, 0)
(127612, 124, 124)
(126720, 28, 28)
(126408, 84, 8)
(119444, 140, 140)
(128616, 0, 392)
(128876, 0, 56)
(119784, 0, -28)
(128820, 28, 28)
(126960, 0, -84)
(126180, 0, 0)
(128904, 296, 296)
(120340, 392, 952)
(123024, -308, -644)
(127760, 20, -8)
(129152, 56, 0)
(126472, -216, -216)
(128872, -252, 72)
(119836, 56, 56)
(112628, 0, -28)
(98088, 376, 76)
(128680, 0, 268)
(116476, 0, 0)
(128012, 28, 0)
(128792, 224, 0)
(128884, 0, 184)
(100232, 80, -56)
(126108, 0, -36)
(129208, 80, -32)
(111304, 0, -28)
(123196, 28, 28)
(115280, 464, 264)
(115748, 532, 532)
(128952, 0, -28)
(122580, 0, -28)
(115644, 0, -196)
(129148, 0, 0)
(126396, 0, 304)
(127788, 0, -84)
(128684, 336, 280)
(103164, 0, -12)
(122120, 0, 316)
(107660, 224, -304)
(129136, 268, 192)
(127956, 0, -28)
(121440, 0, 0)
(124404, 0, 0)
(123216, -8, 384)
(129308, -92, -164)
(115284, 56, -84)
(123144, 0, 0)
(112656, 0, 0)
(116812, 420, 420)
(129104, -88, 36)
(111456, -44, -208)
(111220, -84, -280)
(128276, -308, -308)
(126036, -112, -588)
(128868, 0, -28)
(123024, -336, -364)
(116500, 0, -24)
(123192, -288, -288)
(116248, -56, -420)
(121432, 0, -140)
(126796, 364, 112)
(128128, -728, -728)
(128808, 0, 0)
(128932, 28, -268)
(104100, 0, 0)
(115612, 0, 0)
(113184, 0, 0)
(115504, 28, 28)
(121308, 260, 260)
(124588, 160, 160)
(129012, -56, -36)
(126104, 560, 532)
(118164, 56, -364)
(109652, 300, -12)
(121204, 0, 0)
(115048, 0, 0)
(123100, 0, 0)
(125848, 56, 56)
(113136, 16, 16)
(129544, 420, 420)
(123324, 224, 224)
(121116, 0, 32)
(127424, 0, -28)
(123016, -8, 328)
(113352, 160, 160)
(129524, 16, -84)
(128956, -644, -776)
(121304, 504, 364)
(126836, 140, 140)
(128788, 0, 148)
(128152, 0, 0)
(129600, 132, 260)
(126748, 28, 28)
(123472, 280, 280)
(129164, 228, 312)
(126556, -392, -392)
(121120, 0, 0)
(106108, -24, -572)
(116420, 0, 392)
(116696, 12, 12)
(116344, -448, -868)
(118108, 420, 128)
(128208, -812, -812)
(113924, 0, 168)
(107316, 728, 396)
(129136, 36, 168)
(122116, 28, 336)
(128448, 0, -1044)
(126384, 0, -224)
(128752, 0, 140)
(103496, 140, 280)
(128848, -52, 88)
(126776, 140, 140)
(105008, 184, 72)
(98256, -16, -16)
(121392, 28, 176)
(129028, -172, -300)
(128440, -108, -100)
(129052, 112, 112)
(121192, 8, -20)
(123040, 0, 0)
(128864, -84, 0)
(128952, 56, 56)
(129068, 0, 0)
(121656, -188, 56)
(128488, 32, 32)
(128856, 0, 324)
(123100, 28, 1540)
(103400, 0, 0)
(126444, 0, 28)
(128980, 156, 128)
(129144, -120, -60)
(121448, 140, 140)
(129060, 84, 32)
(113836, 8, 8)
(113600, 168, 168)
(124512, -532, -532)
(127200, 0, 1652)
(123596, 0, 44)
(111108, 0, 0)
(128396, 0, -252)
(128616, -24, 220)
(113828, 0, 84)
(122088, -308, -644)
(116468, 0, 0)
(128600, -264, -152)
(123016, 0, 0)
(126396, -304, -304)
(103116, 0, 8)
(121136, 0, 8)
(89944, 296, 296)
(129008, 244, 244)
(113068, 192, 112)
(114464, 28, -88)
(128832, -96, 108)
(126672, 252, 52)
(127164, 0, 0)
(125984, 48, 48)
(128544, 0, -12)
(127388, 0, 756)
(115088, 336, 280)
(116672, 0, 0)
(111344, 8, 24)
(129208, 0, -56)
(121664, 84, 8)
(87776, 28, -216)
(128704, -48, 112)
(111336, 0, 8)
(128456, 0, 160)
(125660, 0, -28)
(127216, 0, 0)
(128684, -252, 12)
(119600, 308, -284)
(128168, 0, 0)
(128976, 52, 24)
(127752, 140, 16)
(128600, 28, 28)
(116628, 924, 820)
(123060, -428, -540)
(129380, 392, 336)
(121732, 0, -108)
(87504, -112, 164)
(119612, -8, -8)
(128924, 8, 8)
(129244, 364, 224)
(88020, -60, -60)
(115476, 108, 24)
(113120, 0, 0)
(128756, 0, 16)
(116764, 448, 868)
(111764, -300, -552)
(129084, 0, -96)
(105464, 372, -76)
(123232, 0, -28)
(127012, 28, 28)
(126092, 56, 56)
(114764, 196, 196)
(123160, -412, -840)
(126992, 128, 128)
(123332, 308, 308)
(121148, 0, -8)
(129056, -140, -236)
(123068, 8, 8)
(86120, -28, 39116)
(129488, 80, 80)
(129020, -140, -140)
(126104, 0, 0)
(119640, 0, 0)
(114224, 0, 0)
(123180, 0, 0)
(111852, 24, -4)
(126228, -48, -544)
(128868, 24, 24)
(117772, -88, -1320)
(119352, 0, 208)
(113432, 0, -40)
(123016, 0, 428)
(123320, 28, -28)
(128932, 0, -28)
(119612, 0, 8)
(123232, 0, 0)
(123192, 0, 16)
(121156, 20, 20)
(129008, 0, 0)
(126232, 140, 140)
(122856, 0, -56)
(128792, -76, 336)
(122608, 28, 28)
(128556, -384, -512)
(128168, -504, -504)
(128960, -172, -184)
(123640, -40, -40)
(127460, 28, -84)
(129160, -84, -116)
(128588, 0, -420)
(103116, -8, -76)
(87992, 0, 28)
(128824, 224, 224)
(111836, 0, 0)
(124344, -112, 20)
(129068, 280, 280)
(129004, -236, 16)
(129104, 84, 56)
(128896, 28, 28)
(106216, 0, 28)
(128908, 0, -28)
(128936, -132, -384)
(122408, -12, -76)
(125780, -448, -448)
(122552, 28, -24)
(124572, 168, 168)
(113312, 16, 16)
(123248, 0, 280)
(128880, 140, 168)
(123160, 0, 0)
(128808, 0, 240)
(126036, 0, 112)
(106216, 108, 132)
(125704, 0, 0)
(123032, 0, 316)
(121444, 136, -144)
(113936, -12968, -12968)
(127236, 0, -28)
(113356, 28, 28)
(128848, 0, -56)
(123204, 0, 288)
(126924, 0, 0)
(129408, 0, -112)
(112664, 296, 232)
(128472, 196, 300)
(125752, 0, 0)
(104728, 104, 104)
(128148, 272, 132)
(129024, 28, 0)
(127188, 0, 28)
(127696, 0, 0)
(127452, 784, 0)
(87516, -188, -392)
(124472, 0, 0)
(128868, 0, 0)
(111304, 0, 0)
(115636, 28, -12)
(112572, 0, 16)
(121448, 0, 0)
(98272, 0, 0)
(126808, 0, -4)
(123248, 0, 388)
(128884, -28, 488)
(128816, -132, -216)
(126864, 0, -56)
(129264, 120, -8)
(129300, -260, -324)
(128856, 112, 56)
(119716, 0, 0)
(113368, 56, 56)
(123040, 8, -8)
(121768, -1484, -1484)
(128756, 0, -24)
(129160, 0, 0)
(128480, 28, 0)
(127068, -1764, -1512)
(127752, 56, 56)
(122128, -412, -832)
(98340, 84, 84)
(129248, 84, -144)
(123116, 0, -16)
(106244, 0, -56)
(127736, 84, 84)
(121432, 0, 0)
(127580, 588, 492)
(127208, 16, 16)
(96248, -132, -216)
(129376, -180, -256)
(129612, 88, -24)
(123072, -1512, -1624)
(128308, 0, 0)
(129084, -376, -392)
(121056, 0, 0)
(128116, 20, 20)
(126924, -1092, -1176)
(129192, -196, -488)
(108108, 320, -12)
(111780, 0, 0)
(120660, 28, 28)
(128180, 0, -140)
(127488, 0, 0)
(123116, 16, -40)
(87704, 204, 480)
(128600, 144, 20)
(100768, 84, 28)
(125948, 0, -36)
(123332, 8, 8)
(129016, 168, 168)
(129076, 156, 128)
(128448, 0, 0)
(129224, 336, 120)
(124884, 0, 0)
(112064, 252, 252)
(129032, 104, 20)
(124404, 60, 144)
(127100, -112, -164)
(128676, 0, -56)
(128308, 0, -72)
(114964, 140, 112)
(128712, 348, 88)
(128840, 56, 56)
(127144, 0, 0)
(119200, 224, -140)
(111656, 708, 4856)
(127120, 28, 4)
(123260, -280, -560)
(128596, 112, 112)
(96356, -40, -200)
(88080, -16, -16)
(128900, -48, -36)
(128364, 0, 0)
(126472, 0, 216)
(115868, 364, 336)
(128424, 28, 28)
(88736, 888, -100)
(128372, 0, -8)
(113912, 76, 216)
(129584, 72, 164)
(128500, -160, -288)
(129068, -20, -20)
(114124, 8, 8)
(127020, 0, 0)
(104008, 28, -84)
(125112, 84, 56)
(127396, 140, 140)
(110172, 28, 0)
(128960, 0, -84)
(128888, 0, -84)
(127404, 12, 28)
(118304, 56, -28)
(123208, 0, 8)
(122064, 0, 0)
(128764, 0, 0)
(111096, 92, -408)
(127208, 0, 0)
(127208, 0, -28)
(129076, 0, -132)
(115476, 0, 136)
(96848, 336, 280)
(123968, 28, 0)
(126904, 252, 8)
(128920, 8, 96)
(94348, 328, -684)
(129176, 436, 436)
(128848, 0, 8)
(128792, 56, 204)
(128792, 0, -56)
(114260, 432, 432)
(128628, 56, 428)
(124572, 492, 300)
(128876, 28, 28)
(113912, 0, -76)
(128884, 56, -196)
(123060, -316, -624)
(113364, 0, 0)
(88020, 0, 60)
(128788, 0, -112)
(129072, -56, 80)
(111164, 28, -12)
(129012, 144, 420)
(118936, 132, 120)
(129408, 136, 172)
(118360, 0, 24)
(128796, -164, 160)
(126380, 28, 28)
(126236, 0, 0)
(128496, 72, 72)
(128564, 0, 0)
(114816, 200, -92)
(128588, -32, -32)
(123172, 0, 0)
(113528, 176, 16)
(129084, 36, 72)
(129216, 84, 0)
(125672, -420, -840)
(126876, 0, 136)
(107208, -2808, -3092)
(128152, 0, 532)
(116392, 0, 0)
(127712, 28, 28)
(129168, -8, -444)
(119020, 0, -84)
(129160, 224, 224)
(121316, -2156, -2436)
(116684, 0, -12)
(129056, -84, -72)
(124512, 0, 532)
(127000, 0, 0)
(126928, 0, 524)
(119472, 28, 28)
(116016, -56, -336)
(128960, 112, 120)
(129204, 176, -124)
(121308, 280, 68)
(125892, 0, 0)
(111584, 92, -132)
(129180, 28, -200)
(129128, 280, 280)
(128340, 84, 56)
(98736, 396, 312)
(115556, 0, -92)
(123224, 12, 396)
(123636, 420, 420)
(129496, -92, -652)
(126636, 56, -268)
(129116, -228, -136)
(122444, 68, 68)
(127216, 0, -8)
(122996, 8, 8)
(126384, 224, 168)
(89648, 0, -100)
(123012, 404, 376)
(119836, 0, 0)
(126472, -392, -784)
(102768, 120, -64)
(123436, 116, 88)
(128620, 0, 0)
(127008, -28, -28)
(123180, 0, -20)
(129316, 364, 312)
(129076, 168, 168)
(111300, -148, -140)
(110884, 28, 0)
(128856, 64, 64)
(120632, 0, 0)
(124588, 0, -160)
(128896, 0, 136)
(128912, -36, 12)
(112520, 112, 112)
(126692, 0, 0)
(105240, 8, 8)
(104156, -84, -224)
(125948, 0, 0)
(127320, 84, 84)
(128752, 152, 96)
(128144, 0, -224)
(128792, 0, 0)
(127276, 0, 0)
(128376, -672, -544)
(128620, 0, -140)
(92228, 136, 136)
(114964, 0, -140)
(128816, 0, 216)
(111776, 112, 112)
(128564, 28, 28)
(129576, 16, -388)
(96212, 256, 244)
(129388, 208, 204)
(115160, 56, 56)
(126688, 0, 0)
(128960, -96, -12)
(114344, 120, 120)
(112532, 0, 0)
(128744, 0, -168)
(129132, 28, -188)
(105232, 0, 0)
(128892, 28, 28)
(125648, -252, -308)
(118176, -20, -1164)
(123024, 0, 308)
(127676, 0, 0)
(128808, 100, 100)
(128988, 0, -24)
(128816, 140, 140)
(121316, 0, 2156)
(127756, 308, 92)
(114292, 180, -408)
(128880, 0, 0)
(129068, 228, 228)
(123304, 448, 448)
(102996, 12, 64)
(113212, 0, 84)
(121116, -32, -32)
(127320, 112, 64)
(126160, 56, 56)
(96992, 144, -192)
(126556, 0, 392)
(128940, -264, -96)
(106216, 0, -108)
(102464, 0, 0)
(123528, 280, 560)
(109500, 56, 0)
(128528, 56, -140)
(128396, 252, 252)
(127380, 120, -104)
(129308, 104, 20)
(121392, 8, 8)
(128928, 0, 0)
(128280, 0, 0)
(128784, 28, -68)
(98220, 132, -244)
(126248, 12, 12)
(128848, 0, 416)
(126148, 0, 0)
(128476, 28, 28)
(128532, 56, 28)
(128844, 28, -112)
(127164, 0, -24)
(116032, 16, 72)
(125632, -3332, -3680)
(127928, 28, 0)
