(128960, 0, -28)
(128484, 0, -28)
(124940, -624, -624)
(119952, -28, -28)
(122704, -476, -952)
(121944, 12, 12)
(128680, 0, 0)
(128440, 0, 0)
(129124, -60, -60)
(129032, 0, -8)
(128896, -44, -72)
(120476, 108, -224)
(127012, -2172, -2076)
(127984, 112, -164)
(116428, 804, 160)
(128900, 0, 0)
(128900, 84, -48)
(129252, 204, 316)
(128852, 84, 84)
(127308, -364, -728)
(128760, 0, -8)
(129488, 12, -112)
(128076, 28, 16)
(128744, 8, 8)
(113740, 28, 28)
(128504, 0, -28)
(128832, 528, 216)
(125752, 56, 56)
(129208, 112, 0)
(128156, 0, -224)
(128768, 0, 84)
(129572, 48, -12)
(129500, 0, 0)
(128780, -412, -600)
(122980, 0, 168)
(128852, -444, -252)
(127880, 308, 308)
(129328, -160, -124)
(128828, 0, 0)
(129500, 252, 0)
(129116, 0, 0)
(113664, 0, 72)
(128712, 0, -312)
(129060, -328, -856)
(119856, 12, -128)
(128724, 0, -12)
(128976, 28, 28)
(128580, 0, -8)
(128928, -84, -264)
(127520, -392, -812)
(128532, -664, -384)
(129040, 32, 32)
(128844, -304, -40)
(126108, 0, 316)
(119416, 0, 16)
(120712, 36, -72)
(129104, -24, -24)
(128956, 0, 0)
(128548, 8, 8)
(129204, -48, -132)
(128336, 0, 384)
(91204, 804, 12)
(124020, 0, 0)
(128884, 0, 252)
(113528, 0, -44)
(119704, 0, -52)
(128888, 0, -24)
(127644, 0, -32)
(129324, 820, 820)
(124484, 28, 28)
(128136, 0, 0)
(124624, 0, -28)
(128732, 84, 0)
(129288, 228, -104)
(128632, 12, 12)
(129248, 112, -56)
(128380, 56, 0)
(128652, -252, -28)
(128380, 28, 104)
(128588, 328, 328)
(123500, 0, 0)
(128092, -16, -16)
(121276, 196, 112)
(127588, 0, 0)
(123608, 0, 24)
(128884, 448, 448)
(117104, 0, 0)
(124072, 12, 12)
(128636, 24, 24)
(128108, 56, -28)
(126088, 0, 0)
(125104, 32, 32)
(128988, 108, 96)
(129108, 28, 28)
(127792, 0, 0)
(128936, 0, -24)
(128708, -32, -32)
(129136, -132, 144)
(123612, 0, 412)
(128912, 0, -36)
(128788, -28, -28)
(125524, 460, -256)
(129016, 56, 56)
(129012, 0, 0)
(128712, 0, 0)
(129552, 384, 72)
(128780, 24, 24)
(128484, 28, 28)
(129208, 72, 72)
(127700, 0, 1828)
(127616, 0, -140)
(124492, 112, -196)
(125244, 140, 140)
(127740, -160, -160)
(89184, 0, 40)
(121840, 16, 44)
(129132, 56, -312)
(128192, 0, 0)
(128780, 140, 140)
(128708, 0, 0)
(127792, 0, 64)
(129112, 40, -148)
(128996, -360, -368)
(128940, -188, -116)
(124700, 0, 4412)
(123028, 0, 0)
(127340, -392, -784)
(123896, 308, 308)
(128360, 28, -28)
(128860, 84, 28)
(128920, 0, 0)
(128988, 112, 28)
(122856, 56, -560)
(129136, 168, 84)
(128436, 464, 464)
(129168, 40, -68)
(129212, 128, -12)
(129140, 44, 204)
(128676, 28, 28)
(119588, 368, 148)
(124024, 420, 420)
(128780, 132, 132)
(128832, 132, 132)
(128864, 12, -12)
(128036, 420, 420)
(128808, -136, -136)
(128824, 0, 48)
(128816, 264, 536)
(128788, 24, 24)
(128984, 28, -28)
(128684, 152, 152)
(123276, 0, 32)
(129172, 140, 248)
(118964, 0, -496)
(127712, 0, -12)
(128912, 8, 8)
(128672, 0, -120)
(127544, -308, -616)
(127208, 0, 1792)
(128364, 276, 204)
(113692, 0, 0)
(128144, -24, -24)
(128824, 0, -36)
(125336, 24, 20)
(124048, 0, 0)
(124576, 0, -1036)
(128784, 0, 0)
(117260, 796, 724)
(127892, 112, 44)
(127820, -1636, -2396)
(129604, 384, 328)
(128748, 32, 44)
(127952, 0, -28)
(128744, -68, 100)
(125104, -4004, -4536)
(128596, -84, -168)
(129024, 84, 84)
(128700, 0, 72)
(128712, 28, -32)
(116676, 0, 0)
(129264, 0, -84)
(128852, 0, 0)
(129096, 20, 20)
(122884, 24, 24)
(126560, 28, 28)
(123612, -412, -832)
(126472, 0, -28)
(127648, 0, 0)
(128856, -240, -300)
(128724, 0, 224)
(128816, -480, -564)
(113064, -168, -648)
(127972, 28, -8)
(129072, 140, -56)
(126276, -16, -16)
(129128, 84, -72)
(128612, -336, -336)
(129180, 0, 0)
(128836, 36, 32)
(126612, 56, 56)
(89092, 1040, 104)
(116268, 452, -176)
(129088, -120, 268)
(127404, 0, -72)
(128884, -252, -120)
(123652, 0, -8)
(128148, 0, -72)
(127544, 0, 0)
(129040, 336, 664)
(128752, 0, -84)
(126108, -316, -624)
(128720, -532, -736)
(128768, -292, -320)
(124048, 8, 8)
(129320, 48, 20)
(123580, -316, -624)
(124036, -412, -832)
(128088, 8, 32)
(122640, -8, 412)
(121824, 84, -28)
(123524, -316, -316)
(124052, 436, 436)
(129556, 324, 72)
(89240, 0, -244)
(128512, 0, 0)
(128204, 136, 88)
(128960, -224, -204)
(128948, -192, -236)
(129248, 432, 628)
(126364, -8, -8)
(129552, 496, 660)
(127512, 56, -56)
(129232, 252, 668)
(128436, 28, 28)
(128568, -24, -72)
(121932, 36, 28)
(128144, 0, 24)
(128444, -248, 688)
(127260, 56, 0)
(129536, 8, -140)
(124456, 140, -140)
(128888, 12, 12)
(128396, 20, 20)
(127924, 0, 0)
(129016, 32, 32)
(128936, 24, 0)
(128944, 168, 628)
(129152, 252, 252)
(121256, -40, -40)
(124604, 28, 28)
(129192, -24, -268)
(113700, 352, 200)
(123652, -412, -832)
(129192, 60, -64)
(129220, 392, 620)
(128328, 0, -180)
(128284, 56, -28)
(127592, 336, 336)
(128780, 0, -140)
(128828, -468, -860)
(129220, 0, -28)
(128964, 140, 496)
(125396, 0, -80)
(126500, 0, 0)
(128948, 168, 580)
(123640, -412, -832)
(129600, 252, -76)
(128548, 512, 120)
(123596, 40, 12)
(128704, 56, 44)
(129348, -240, -540)
(128884, -216, -624)
(123020, 40, 40)
(129180, 216, 508)
(128128, -308, -772)
(123044, 0, 0)
(129052, -48, 120)
(125564, 700, 700)
(129240, 56, 28)
(127192, 0, 0)
(129088, 0, 0)
(127420, -1624, -1568)
(128904, -296, -532)
(127508, 0, 308)
(122980, -168, -336)
(127492, -336, 1064)
(125368, 0, -32)
(128036, 392, -56)
(119856, 0, 0)
(129628, 24, -132)
(129144, 364, 364)
(124456, 112, -196)
(128928, 0, -28)
(128808, 0, -24)
(119232, 0, 24)
(129196, 84, -196)
(125308, 0, -16)
(129596, 84, -160)
(128400, 36, 36)
(126232, 420, 396)
(128484, 0, 384)
(111520, 824, 256)
(129208, 284, 256)
(128828, 72, 72)
(129456, 760, 760)
(128828, 84, 56)
(129208, 368, -148)
(119404, 28, 28)
(121608, 96, 96)
(128848, 0, 360)
(128696, 16, 16)
(126304, 1232, 364)
(126236, 56, 56)
(127976, 0, -60)
(128832, 0, 112)
(128452, -24, -24)
(123544, 0, 412)
(128872, 320, 284)
(126080, 0, 0)
(129220, 56, -52)
(128540, 84, 84)
(129144, 0, 0)
(128524, 0, 0)
(85400, 468, -444)
(127780, 0, 0)
(129156, -48, -300)
(123304, 0, 0)
(128780, 0, 40)
(129096, -108, -312)
(128616, 0, 24)
(129196, 8, -272)
(128984, 0, 0)
(124600, 28, 28)
(129116, 112, 84)
(115924, 28, -84)
(124040, 8, 8)
(128408, 0, -196)
(124420, 300, 76)
(121976, 8, 8)
(123524, 0, 316)
(122736, 636, -56)
(128540, -944, -1284)
(128180, 168, 168)
(128876, 4, -24)
(128428, 0, 0)
(125304, 364, 364)
(126232, 708, 248)
(129368, -228, -228)
(128992, -56, -240)
(122716, 12, 12)
(129124, 0, 16)
(123640, 0, 412)
(127796, 12, -20)
(128912, 0, 0)
(129060, 68, 168)
(129352, 248, 80)
(129220, -240, -416)
(117232, 476, 344)
(128880, 420, 420)
(129112, 392, 924)
(123604, 0, 316)
(124060, 0, 308)
(128796, 28, 28)
(128744, 60, 32)
(129220, 28, 40)
(128640, 24, 24)
(129100, 1008, 1024)
(127256, 16, -32)
(124000, 420, 420)
(128780, 0, 28)
(128908, 28, 28)
(128976, 140, 140)
(128424, 0, 308)
(123640, -420, -840)
(125788, 0, -36)
(126064, 0, 0)
(128932, 168, 168)
(129032, -596, -620)
(112740, 28, 28)
(128700, -72, -72)
(127976, 60, 1200)
(127132, -84, -168)
(129016, 1152, 424)
(124040, 0, 0)
(129136, 28, 0)
(119404, 0, -28)
(128400, 456, -308)
(128500, 0, 24)
(123020, 0, 0)
(128896, 0, 240)
(122180, 0, 4480)
(128956, -24, -48)
(128912, 8, -24)
(128584, -480, -508)
(128428, 0, 868)
(129180, 0, -84)
(129612, 96, 76)
(129104, 168, 684)
(117728, 644, -12)
(128820, -112, -280)
(128792, 28, -156)
(121968, -24, -24)
(129096, 348, 868)
(128612, 0, 336)
(117348, 672, 672)
(129192, -12, 36)
(128756, -24, -24)
(128268, 36, 36)
(121840, 0, -16)
(128800, -512, -884)
(127892, 56, 56)
(128536, -32, -144)
(128340, 0, 28)
(127660, 24, 24)
(121968, 0, 0)
(125088, 608, 48)
(127436, 0, 2088)
(123848, 960, 828)
(124040, 0, -8)
(128744, 0, -60)
(128860, -400, -284)
(128192, -140, -196)
(129012, 56, 56)
(121720, 552, 364)
(123552, -316, -624)
(129184, 0, -648)
(121764, 12, -12)
(128524, -608, -608)
(128624, -8, -8)
(128772, 0, 60)
(129164, -108, -792)
(129168, 112, 84)
(128636, -204, -168)
(128552, 0, 420)
(117088, 0, 0)
(128728, 104, 48)
(128840, -84, -72)
(125520, 0, -8)
(129068, -40, -40)
(126532, 56, -44)
(87872, 732, 72)
(119276, -24, 20)
(122168, 0, -224)
(123420, -1204, -1212)
(118144, 560, -104)
(127696, 0, -60)
(128648, 0, 28)
(126108, 0, 0)
(127136, 28, 28)
(128540, 0, -84)
(121932, 92, 92)
(120980, 220, -344)
(127740, 0, 160)
(129228, 336, 336)
(124064, 468, 428)
(128740, -16, -16)
(127472, 28, 12)
(127780, 68, 68)
(128864, 0, 16)
(128944, -384, -100)
(126360, 84, 100)
(126372, 12, -72)
(129044, 252, 224)
(128836, -40, -40)
(128456, -128, -128)
(128596, -56, -224)
(128896, -48, -16)
(129108, 28, 132)
(128624, 0, 0)
(129112, 0, -4)
(129036, 252, 808)
(129176, -84, -12)
(123532, 8, 8)
(128744, -92, -92)
(128728, 0, -24)
(122648, -420, -532)
(126224, 44, 100)
(129148, -40, -68)
(129232, 28, -784)
(123028, 12, 12)
(128912, 104, 104)
(128572, -104, 336)
(128880, -172, -480)
(127876, 72, -256)
(128756, 0, 24)
(122568, 576, 304)
(129152, -152, 4)
(128800, -804, -1212)
(127492, 0, 0)
(128364, -44, -44)
(129496, 372, 432)
(129048, -48, 60)
(128912, 24, 24)
(112392, 0, -28)
(127924, -448, -924)
(128396, 0, 56)
(128696, 0, 0)
(120996, 0, -40)
(128888, 0, -28)
(127520, 0, 364)
(125696, 120, 120)
(127952, 0, 0)
(129364, 44, 136)
(127880, 16, 16)
(126116, 0, 412)
(128936, 16, -16)
(128856, 0, 16)
(86408, 304, -696)
(122776, 0, -36)
(126612, 0, -56)
(124060, -308, -628)
(127148, 0, 0)
(128580, 0, 0)
(129084, -112, -92)
(128756, 0, -112)
(128760, 8, 8)
(128668, 28, 92)
(127744, 60, 20)
(128588, -28, 28)
(113692, 0, -28)
(128312, 36, 24)
(128776, 56, 0)
(129004, 0, -28)
(128520, -448, -980)
(119848, 0, 8)
(122900, 308, 308)
(128744, 0, -156)
(120568, 92, -16)
(127828, -1400, -1456)
(125920, 0, 0)
(89240, 244, 668)
(126536, 112, -224)
(124736, 0, 0)
(128764, 28, 28)
(128472, -468, -476)
(119248, -140, -448)
(123572, 28, 28)
(112424, 908, -36)
(128268, 84, 56)
(121304, 180, 124)
(128648, 84, 0)
(128832, -336, -312)
(126424, 336, 672)
(129132, 0, 0)
(126004, 0, 1464)
(124024, -28, 252)
(123528, 28, -36)
(129524, 328, 536)
(128892, -324, -288)
(128864, 0, 364)
(122000, 0, 176)
(128904, 0, -56)
(128356, 0, -28)
(128672, -508, -536)
(128924, 56, -84)
(128864, -56, -112)
(128972, 0, 0)
(128704, 0, -56)
(124860, 252, 160)
(128888, 28, -56)
(129296, 84, 0)
(128992, 28, -80)
(128588, 0, 16)
(126116, -420, -532)
(126528, 420, 420)
(129260, -116, -56)
(126088, -336, -784)
(121296, -8, -188)
(128840, 28, 456)
(128764, 0, -108)
(122860, 0, 0)
(128672, -76, 64)
(120380, 320, -400)
(128876, 8, 8)
(129260, 280, 372)
(129056, 84, 0)
(127136, 0, -28)
(128780, 0, 0)
(123436, 40, -72)
(129204, 56, 28)
(123544, 0, 0)
(110128, 132, 120)
(128684, -316, -568)
(128888, -24, -24)
(114320, 404, -16)
(128208, 0, -64)
(129304, 36, -24)
(128508, 0, 24)
(119964, 188, -372)
(129016, 0, -1152)
(128196, 224, 224)
(127808, 0, 0)
(128376, 0, -132)
(121400, 84, 56)
(128868, 12, 264)
(129404, 520, 988)
(128888, 0, -60)
(128648, 0, 272)
(129184, -12, -20)
(128772, 0, 0)
(128892, 0, 324)
(127868, 0, 0)
(123420, 392, 392)
(124032, 0, 0)
(127644, 112, 28)
(129400, 152, -372)
(128768, 0, 0)
(128636, 0, -24)
(129268, 36, -132)
(128340, -24, -300)
(129512, 84, 120)
(127756, -1484, -1384)
(128276, -1332, -1368)
(129180, 324, 564)
(124604, 0, 0)
(122520, 0, 0)
(129132, 12, 12)
(128400, 0, 24)
(129200, 568, 568)
(128876, 0, -8)
(124624, 28, 28)
(125404, -64, -96)
(126064, -16, -16)
(128940, 112, 112)
(123612, 0, 0)
(119416, 0, 0)
(129276, -276, -276)
(115744, 124, 36)
(86480, 684, 288)
(127752, -448, -856)
(127612, 24, -8)
(128392, 56, 56)
(128812, 168, 168)
(128656, 84, 44)
(129120, 28, -28)
(127588, 0, 28)
(127732, 392, 392)
(128832, 432, -24)
(129092, -84, -308)
(128544, -780, -688)
(127684, 40, 40)
(119800, 212, -156)
(128812, -496, -776)
(124048, 0, -8)
(126088, 0, 440)
(127896, 0, -16)
(127616, 0, 1860)
(128020, 12, 12)
(128988, -192, -396)
(128572, 404, 368)
(121904, 140, 140)
(128804, -168, -56)
(129256, 240, 52)
(129128, 28, 0)
(126768, 156, 156)
(129252, 384, 360)
(127816, 0, 24)
(128900, 0, -28)
(129196, -12, -12)
(89280, 96, 96)
(128008, 0, 0)
(129100, 396, 996)
(122728, 12, 12)
(127976, 384, 48)
(128312, 0, -56)
(123576, 332, 140)
(128528, 32, 32)
(129508, 644, 644)
(127448, 0, 0)
(122508, 0, 0)
(128608, 0, -196)
(128836, 84, 84)
(129020, 28, 0)
(129516, 432, 252)
(128484, 0, 0)
(128752, 0, 0)
(127820, -364, -728)
(128892, -124, 112)
(120788, 76, 76)
(124332, 292, 292)
(128720, 72, 72)
(128872, 56, 56)
(128904, 16, 16)
(128100, 0, 16)
(128772, -212, -312)
(129192, -28, -28)
(128920, 0, -28)
(129140, 176, 344)
(129248, 252, 360)
(128984, 100, 316)
(129168, 24, -340)
(124948, 0, -16)
(129332, 60, 60)
(129080, 0, 0)
(126180, -56, -56)
(129444, 188, 480)
(121068, 504, 560)
(127900, 84, 84)
(129064, 0, -56)
(128716, 0, -28)
(129080, 0, -28)
(123324, 0, -60)
(129236, 120, 36)
(124616, 0, 8)
(119376, 0, 0)
(128836, 0, -36)
(126376, 112, 52)
(122756, 32, -676)
(129100, 408, 840)
(115644, 168, -12)
(128856, -252, -444)
(128680, 0, -276)
(127320, 0, 0)
(127908, 36, 36)
(129368, -60, 24)
(128696, -216, -328)
(128304, 312, 348)
(128880, 0, -28)
(119340, 560, -76)
(128352, -76, -76)
(122508, 28, 28)
(127468, 140, 896)
(128976, 28, -56)
(127708, 0, -84)
(124056, 0, 0)
(128964, -24, -32)
(128860, 0, 28)
(128892, 0, -112)
(127476, -24, 1656)
(128808, 24, 72)
(121968, 0, 24)
(128764, 0, 504)
(125576, 0, 28)
(129184, -96, -696)
(128436, 0, -28)
(128832, 48, 312)
(128208, 64, 64)
(128792, 0, -364)
(128848, 112, 144)
(129128, -72, 196)
(86408, 0, -304)
(124492, 16, -16)
(128648, 44, 44)
(128784, 0, -32)
(128904, 0, -16)
(129072, 252, 528)
(123364, 1764, 2820)
(128872, 0, -56)
(123276, 0, 0)
(128428, 28, 28)
(119516, 112, 112)
(128816, -32, -144)
(128928, 28, 28)
(112548, 320, 276)
(128888, 48, 48)
(129412, 300, -352)
(129044, -216, -312)
(128144, 0, 0)
(124316, 280, 280)
(127948, 28, 0)
(128672, 276, 192)
(128900, 0, -56)
(128960, 196, 84)
(129016, 0, -56)
(123044, 24, 24)
(124948, 16, -56)
(129120, 0, 0)
(128828, -228, -164)
(128972, -88, -52)
(128644, 0, 28)
(121896, 0, 0)
(128872, 0, 336)
(128748, -520, -888)
(129508, 140, 368)
(90400, 792, 276)
(128340, 0, 0)
(128788, -348, -712)
(128412, 0, 0)
(128212, 0, 0)
(128260, -504, -504)
(129452, 180, 124)
(128868, 0, 252)
(119416, -16, -16)
(128832, 196, 168)
(129116, 28, 28)
(119400, -16, -16)
(128916, -216, -192)
(120620, 184, -176)
(129128, 0, -72)
(128588, 0, 28)
(128968, 116, 512)
(128904, -180, -348)
(116364, -168, -528)
(129188, 28, 28)
(128936, -132, 60)
(128808, 140, 140)
(123640, 28, 28)
(129144, 0, -24)
(128956, 28, 28)
(128712, -56, 280)
(129192, -24, -72)
(128032, -728, -728)
(129008, -8, -172)
(121764, 0, -12)
(129416, 360, 96)
(129260, 216, 76)
(129020, 0, 40)
(125096, 0, -148)
(129200, 0, -568)
(128812, 16, 16)
(128944, 8, -8)
(124448, 428, 428)
(87140, 660, -24)
(128076, 0, 0)
(129196, -20, -68)
(129268, -276, -696)
(127456, 112, 28)
(129280, -108, -368)
(125104, 0, -32)
(128648, 12, 12)
(128784, -48, 288)
(123956, 456, 456)
(128212, -700, -464)
(129404, -220, -380)
(127320, 0, 32)
(122592, 0, 308)
(112228, 44, 44)
(126500, 0, -28)
(128972, 0, -84)
(126364, 0, 0)
(122480, 0, -40)
(125976, 28, 0)
(128896, 0, 0)
(128576, -308, -756)
(127876, 0, -72)
(128520, 0, -8)
(129124, -4, -256)
(129216, -148, -192)
(127308, -308, -616)
(129176, -140, -244)
(121896, -176, -344)
(128832, 12, 24)
(128884, -8, -32)
(129072, 116, 116)
(81124, 756, -1812)
(128880, 56, 56)
(128604, 16, 16)
(128540, 0, 0)
(124596, 112, 112)
(116756, 132, -200)
(128864, -56, -300)
(129076, 56, 56)
(128752, 84, 112)
(128604, 0, -16)
(127308, 0, 392)
(128832, 84, 140)
(128684, 112, 88)
(128992, 0, -112)
(129596, -12, -176)
(126612, 0, 0)
(124864, 0, 0)
(129356, 276, 144)
(128908, -56, 104)
(129040, 0, -32)
(129380, -224, -472)
(128904, 32, 56)
(129080, 0, 372)
(117744, 356, 200)
(128440, 28, 28)
(129472, -132, -932)
(129204, 812, 812)
(116624, 332, 308)
(126308, 0, -100)
(124188, -84, -420)
(128736, 216, 68)
(128124, 0, -8)
(128524, 24, 24)
(129100, 140, -56)
(121720, 72, 604)
(129272, 524, 188)
(128964, -292, -468)
(129060, 64, 64)
(128944, -32, -60)
(128544, 0, -60)
(128572, 40, 40)
(128664, 140, 140)
(128080, -24, -24)
(128596, 0, 0)
(123500, 64, 24)
(129072, 56, 56)
(112560, 140, 140)
(122480, 40, -400)
(128880, 0, 0)
(127344, -756, -756)
(129220, 0, 0)
(122756, 0, 0)
(129052, 0, -28)
(127660, 140, 140)
(129144, -12, -168)
(117076, 0, 448)
(128496, -24, -24)
(129036, -172, -540)
(128848, -360, -672)
(124052, -280, -572)
(129208, 0, 0)
(109648, -19212, -18856)
(129212, 84, 56)
(128260, 0, 504)
(123560, -308, -756)
(114704, 180, -568)
(129160, 84, 84)
(128852, -368, -424)
(128396, 12, 12)
(128552, -420, -420)
(128828, 112, 112)
(129348, 328, 328)
(128780, 28, 196)
(124020, -8, -8)
(125104, 0, 0)
(123588, 0, 0)
(117388, 156, -320)
(128456, 0, 0)
(123188, -232, -624)
(127972, 28, 0)
(119532, 720, 328)
(128868, 0, -324)
(129164, 28, 0)
(128048, 12, 180)
(128796, 0, 468)
(129128, 28, -84)
(128408, 0, 0)
(129124, 60, 60)
(125072, 0, 24)
(127652, 0, 0)
(127340, -308, -616)
(128392, -336, -336)
(129128, 72, 72)
(128836, 24, 24)
(128872, 0, -28)
(121872, 0, 24)
(121484, 0, -84)
(129236, 0, 0)
(128856, 0, 0)
(128728, 0, -28)
(119248, 0, 140)
(128544, -328, -328)
(127652, -48, -48)
(124736, 0, 344)
(127888, -108, -168)
(129080, 216, -56)
(124344, 280, 280)
(89224, 0, 0)
(128480, 112, 28)
(121552, 644, -132)
(124056, -8, 412)
(84192, 892, 852)
(128812, 0, 24)
(128108, 672, 672)
(129036, 156, 420)
(117860, 560, 428)
(128816, -196, -52)
(129216, 56, -28)
(123016, 0, 28)
(117076, -448, -448)
(128964, -160, -132)
(128272, 0, 0)
(128976, -36, -12)
(129128, 108, 80)
(129512, 60, -392)
(129144, 28, -4)
(128676, 272, 1088)
(128644, -28, -28)
(116200, 28, -460)
(124344, 308, 308)
(124052, 420, 420)
(128804, -48, 148)
(128224, 448, 1812)
(129268, 0, -36)
(127320, -308, -616)
(129084, -60, -120)
(123604, 0, 0)
(129224, 420, 600)
(129596, 0, 12)
(128712, 0, 56)
(83260, -46096, -46372)
(128756, -16, -16)
(128988, 60, 48)
(124028, 8, 8)
(128768, -456, -876)
(128756, -648, -1168)
(123360, 84, 84)
(119372, -28, -28)
(120760, 564, 412)
(128828, 8, 8)
(89280, 0, 0)
(119704, 52, 16)
(124572, 0, 0)
(129096, 112, 0)
(123308, 72, 24)
(128108, 0, 0)
(122008, 96, -96)
(128532, 0, 700)
(128736, -24, -24)
(127108, 0, 0)
(127256, 0, 0)
(128796, 112, 0)
(129184, 232, 16)
(128868, -144, -120)
(118964, 0, 0)
(128840, 32, 168)
(128784, -556, -376)
(129128, 252, -336)
(123652, -296, -604)
(128812, -168, -252)
(128708, -16, -16)
(127732, 204, 16)
(128624, 0, 8)
(117864, 120, -236)
(129208, -28, -320)
(116920, 720, 692)
(127712, 0, 0)
(129152, 56, 28)
(128452, 0, 440)
(128888, 0, 0)
(128872, -16, -16)
(129156, 28, 0)
(128836, -16, 12)
(119316, 0, 0)
(129312, 372, 560)
(127648, 0, 60)
(124944, 244, 244)
(81248, 124, -632)
(124932, 72, -180)
(118004, 140, 20)
(127132, -1764, -1764)
(129012, 0, -56)
(128260, 0, 308)
(125812, 24, 24)
(129180, -16, -4)
(128592, 48, 48)
(124072, 0, -12)
(117104, 4, -8)
(129060, 0, -56)
(129584, 216, 276)
(124448, 420, 420)
(123264, 0, 40)
(120044, 40, 0)
(129072, 84, -28)
(128744, 156, 156)
(128700, 784, 784)
(123632, -412, -876)
(127820, 0, 0)
(128136, 0, 616)
(128988, 420, 280)
(129428, -36, 84)
(128728, 16, 580)
(113740, 0, -28)
(115292, 444, 444)
(121648, -532, -532)
(128692, 0, 16)
(123552, 0, 316)
(128996, 0, 0)
(128528, 0, -8)
(125788, 36, -20)
(128900, -168, -84)
(129552, 0, 0)
(121824, -28, -56)
(128604, 64, 1008)
(128364, 0, -24)
(128012, 0, -28)
(122640, 0, 0)
(128892, 112, 112)
(119372, 0, 0)
(128680, 28, 28)
(128620, 0, 616)
(129216, 308, 308)
(119848, 0, 0)
(129020, 0, -8)
(129264, -72, 96)
(129136, 364, 364)
(128680, 0, -504)
(113232, 480, 468)
(128828, 0, -36)
(127508, -308, -616)
(123308, 0, 0)
(128532, 0, 0)
(127596, 112, 28)
(129108, 28, -56)
(128876, 588, -104)
(128264, 84, -208)
(128808, 24, 20)
(128720, 0, 24)
(127840, -952, -980)
(129128, 336, 308)
(128960, 12, 204)
(129008, 0, 0)
(128876, 0, -4)
(129184, -20, -112)
(128788, 0, 476)
(128532, 0, 388)
(129176, 308, 456)
(127620, 0, 168)
(129088, 28, 28)
(128996, 0, -28)
(128924, 28, 28)
(128888, 0, 364)
(128764, 184, 184)
(127240, 48, 48)
(121512, 28, 28)
(128540, 0, -32)
(122592, -6272, -6272)
(129072, -152, -488)
(127864, 728, 3092)
(128544, -448, -448)
(129144, -128, -68)
(128840, 12, -60)
(129220, 28, 28)
(127576, 0, -56)
(127836, 28, 28)
(128428, 84, 616)
(128588, -16, -16)
(122980, 0, 0)
(128056, 0, -364)
(127532, 84, -224)
(129204, 40, 148)
(129268, 204, 132)
(128852, -196, -504)
(129100, -288, -316)
(121100, 720, 400)
(128232, -1268, -1452)
(127864, 0, -84)
(123948, 308, 308)
(129048, 184, 184)
(128764, -144, -144)
(129588, 300, 72)
(128512, -56, -56)
(126292, 0, 16)
(128788, 0, 0)
(128940, -32, -32)
(127916, 0, -156)
(128652, 0, -108)
(128684, 0, 0)
(129084, 168, 436)
(129444, 152, 188)
(128120, 92, 92)
(128932, 0, 32)
(129076, 368, 32)
(123420, 0, 1204)
(129012, 84, 56)
(128368, -8, -8)
(128980, -92, 60)
(126360, 120, 108)
(128652, 108, 436)
(129500, 528, 732)
(128232, 0, 1268)
(129108, 56, 56)
(123908, 332, 0)
(128636, 28, 28)
(129392, -32, -12)
(128964, 0, -136)
(129100, -168, -468)
(123500, -52, -52)
(128792, 0, -72)
(127944, 36, 0)
(125436, 68, 68)
(123652, 0, 412)
(129528, 148, 372)
(128868, 324, 1104)
(128920, 168, 168)
(127332, 0, -24)
(128400, 0, 0)
(128908, 72, 72)
(128788, 0, 28)
(129208, 404, 664)
(128752, 0, 356)
(128644, 0, -56)
(119432, 0, 0)
(129064, 0, 0)
(127108, 0, 1736)
(128876, -196, 120)
(128808, 28, 28)
(128884, 68, -16)
(128132, 392, 408)
(128948, 0, -28)
(127880, 0, -16)
(119952, 0, 28)
(128844, 0, 0)
(128416, 72, 72)
(128468, 0, 0)
(128720, 8, -20)
(126388, 28, -92)
(128328, 0, 0)
(129156, 156, 48)
(113712, 0, -20)
(128812, 0, 496)
(128768, 32, 32)
(77800, 840, 180)
(123116, 232, 204)
(128288, -1308, -1392)
(128576, 0, 308)
(128904, 56, 48)
(127724, 392, 392)
(129100, 32, 32)
(124616, -8, -8)
(127828, -1132, -836)
(89184, 0, 0)
(128872, -296, -408)
(128772, -60, -60)
(128568, -532, -532)
(123748, 424, 424)
(128856, 168, 484)
(128844, 0, 60)
(129004, -588, -948)
(127832, 8, 316)
(122016, 0, 0)
(128900, 0, 168)
(128136, 616, 616)
(129048, 308, 548)
(124456, 924, 916)
(128860, -168, -920)
(115188, 124, 68)
(129268, -192, -156)
(128408, 0, -28)
(129244, 204, 348)
(128764, 0, -28)
(128792, -444, -356)
(128852, 112, 224)
(125952, 672, 1416)
(120076, 60, 120)
(128400, -24, -24)
(124044, 464, 492)
(127972, 36, -20)
(129272, 684, 168)
(129148, -120, -356)
(128984, 192, 192)
(127644, 0, -112)
(129044, 288, 288)
(126080, -224, -1456)
(125364, 0, 40)
(127636, 16, 16)
(128644, 0, 0)
(128104, 0, -112)
(128840, 516, 1636)
(129096, -160, -260)
(128688, 0, 252)
(123392, 0, 0)
(119432, 0, -28)
(128388, -728, -824)
(128128, 0, 0)
(127520, 0, 0)
(115300, 180, 96)
(129336, -84, -756)
(119844, 140, 140)
(128828, 36, 36)
(128772, 0, 104)
(127628, 0, -8)
(128084, -1176, -1508)
(128996, 120, 120)
(128800, 0, 24)
(126108, -8, 412)
(128792, 72, 72)
(127616, 0, 0)
(128644, 0, 16)
(123580, -28, -28)
(76300, 1068, 54884)
(129044, 140, 288)
(125520, 8, -200)
(128860, -240, -456)
(126292, -16, -16)
(128932, 96, 236)
(128300, 0, -28)
(128300, 0, 0)
(129060, 40, 40)
(128200, 84, 84)
(128372, 804, 2328)
(128748, 336, -44)
(128500, -24, -24)
(129604, 800, 800)
(129112, 56, -28)
(129104, -180, -608)
(128744, 0, -24)
(129144, 24, -4)
(128828, 0, 240)
(129012, 180, 168)
(128844, -380, -468)
(125552, 608, 364)
(129092, 144, 0)
(120956, 168, 92)
(121896, 8, 8)
(127456, 692, 160)
(127676, 0, -28)
(114448, 0, 0)
(127896, 0, 0)
(128972, 84, 56)
(128692, 952, 840)
(129092, 352, 1232)
(126116, 0, 0)
(123544, -412, -868)
(128700, 0, 0)
(129020, 112, 112)
(128652, 0, 252)
(127716, 280, -56)
(124064, 0, 428)
(128252, -604, -436)
(128700, 0, -784)
(129120, 0, -8)
(128856, -16, 152)
(76960, 660, -408)
(129592, 252, -100)
(126388, 0, -28)
(128904, 0, 0)
(127544, 0, -24)
(118964, 496, 184)
(124064, -428, -540)
(128108, 84, -224)
(129064, 168, 444)
(128820, -224, -224)
(128948, -240, -564)
(128920, 56, 140)
(128088, 0, -56)
(127092, 324, 168)
(128356, 0, 0)
(129140, -108, -380)
(128920, 728, 728)
(128948, 60, 12)
(128864, -16, -16)
(128880, -264, -312)
(129132, 124, 124)
(128616, -24, -16)
(128648, 48, 72)
(128344, -1020, -772)
(128968, 84, 16)
(127344, 84, 28)
(125564, 0, -700)
(127340, 0, 308)
(128780, 0, -80)
(128836, 8, 476)
(128796, -468, -804)
(129244, 168, 192)
(126424, 336, 336)
(128948, 84, 84)
(128836, 0, -24)
(127836, 0, -28)
(129268, 288, 288)
(128752, 0, -180)
(128780, 108, -168)
(129160, 0, 0)
(129236, -88, -460)
(128804, 8, 8)
(121484, 0, 0)
(124864, 0, -540)
(127628, 308, 308)
(129044, 156, 156)
(127760, 392, 392)
(129060, 0, -28)
(129060, 28, -224)
(129404, -112, -68)
(125696, 0, 0)
(129260, 16, 40)
(129012, 28, -28)
(128708, 336, 72)
(128852, -28, -28)
(128584, -112, -224)
(128920, 0, -8)
(123020, 0, -40)
(128816, 0, -28)
(128076, 0, -28)
(125920, 2380, 3584)
(129248, 524, 524)
(129004, 336, 832)
(129008, -24, -24)
(129464, 128, -236)
(128728, 40, -220)
(129140, 216, 376)
(126176, -812, -1848)
(128812, -24, -24)
(129020, 0, -112)
(125336, 0, -24)
(128952, -8, -20)
(128524, 132, 132)
(119400, 0, 0)
(128400, 0, -280)
(128816, 0, 32)
(129404, -200, -584)
(128944, 0, 0)
(122180, 588, 6324)
(129544, 176, -228)
(119476, 196, 156)
(128788, 0, 348)
(129216, 104, 0)
(128844, 24, -4)
(129228, 56, -980)
(128836, 56, 56)
(115532, 164, 116)
(128852, 0, -24)
(128184, 28, 28)
(118780, 636, 76)
(129016, 0, 0)
(128912, 28, 28)
(128568, 0, -28)
(129192, 0, 0)
(128376, 56, 56)
(127476, 28, 28)
(128736, -32, -32)
(129072, -316, -632)
(128552, 28, 4)
(128524, 0, -24)
(129124, 8, 52)
(128456, 0, -60)
(126204, 28, 840)
(129388, 260, -64)
(128588, 32, 4)
(127484, 84, 84)
(127572, 0, 0)
(128948, 144, 152)
(128408, 28, 0)
(127704, 0, 0)
(128980, 24, -60)
(128944, 0, -8)
(127924, 0, 448)
(129524, 160, 76)
(128948, 744, 516)
(124700, 0, 0)
(128852, -396, -408)
(122480, 0, 0)
(128932, 0, -28)
(129100, 28, 28)
(128992, 192, 804)
(129296, -192, -440)
(127704, 28, 28)
(129060, 28, 28)
(128688, -252, 0)
(128756, 0, 468)
(127504, 196, 24)
(128828, 28, 28)
(124484, 0, -28)
(128396, -56, -196)
(129008, 180, 180)
(109984, 108, 15336)
(123632, -316, -624)
(126032, 944, 336)
(129196, -280, -720)
(124056, 0, 288)
(124616, 16, 16)
(123052, 316, 288)
(128900, 28, 28)
(115684, 692, -120)
(128484, 28, 24)
(127520, -196, -196)
(129260, 332, 332)
(128652, -236, -236)
(129544, 36, -104)
(128964, 0, 0)
(128768, 108, 132)
(128472, 132, 132)
(128888, 0, -36)
(123304, 0, 56)
(126264, 60, 32)
(129032, 28, 28)
(127788, 140, 140)
(129096, 144, 72)
(129296, 100, -92)
(128256, 0, 0)
(128860, -356, -900)
(129524, 120, 340)
(128940, 28, 28)
(121404, 168, 168)
(129596, 100, -704)
(129304, -156, -28)
(129204, 92, 52)
(128412, 448, 448)
(127644, 32, 32)
(128460, -24, -36)
(128372, 252, 1132)
(126116, 720, 720)
(123564, 0, 316)
(128372, 264, 180)
(129136, 2072, 1624)
(129032, 0, -28)
(129308, 280, 704)
(127576, 56, 56)
(129332, 348, 156)
(128968, -156, -32)
(128632, 84, 84)
(128876, 0, -112)
(121080, 84, 84)
(129148, -436, -712)
(126372, 0, -12)
(128756, 0, 0)
(129060, 28, -28)
(128896, 28, 28)
(129164, 264, 180)
(127968, 140, 56)
(127544, 24, 24)
(122620, 28, 28)
(128828, -128, 188)
(128740, -24, -24)
(129100, 196, 376)
(127596, 0, -28)
(128588, 516, 648)
(127352, -116, -256)
(128880, 0, 168)
(129160, -224, -200)
(127448, 0, -28)
(128236, 200, -220)
(129624, 160, 32)
(129028, 140, 140)
(128900, -700, -952)
(128896, -72, 24)
(121872, 0, 0)
(128888, 36, 36)
(127340, 0, 392)
(128012, 28, -84)
(128640, 0, -24)
(129208, -388, -432)
(129240, 148, -204)
(128708, 0, 16)
(128924, -12, -228)
(127728, 716, 2888)
(129076, 28, -28)
(123840, 0, -308)
(129208, 0, -28)
(129064, 56, -100)
(128688, 0, -164)
(128844, -24, -60)
(127636, 0, 1628)
(123556, 28, 0)
(128824, 0, -84)
(122980, 12, 376)
(128324, 56, -28)
(127672, 0, -12)
(123628, 656, 12)
(122860, 84, 84)
(127956, 80, 80)
(123532, 140, 140)
(128784, -332, -416)
(128272, 0, 8)
(128824, -48, -48)
(128896, -240, 96)
(128872, -168, -200)
(129400, 0, -60)
(123880, 308, 280)
(127824, 28, 16)
(119372, 0, 28)
(128384, 0, -112)
(128956, 216, -36)
(129052, 0, 0)
(129208, 28, 28)
(128672, 0, 0)
(128884, 104, 104)
(129356, 8, -28)
(124476, 32, 8)
(129268, 60, -344)
(128844, 8, 8)
(128480, -732, -1308)
(129376, -60, 12)
(127332, -392, -784)
(129180, 300, 648)
(129048, 8, 68)
(124060, 112, -196)
(128176, 0, 644)
(128972, -132, 48)
(122620, 112, 112)
(128520, 56, -28)
(125072, -24, -24)
(129400, 60, 48)
(127648, 308, 308)
(127448, 308, 308)
(128868, 0, 144)
(121872, -24, -24)
(128468, 28, 28)
(128820, 28, 280)
(124472, 420, 420)
(128844, -60, -88)
(128340, -28, -20)
(127340, 132, 1968)
(128648, 168, 900)
(129172, 1036, 1036)
(119216, 452, -308)
(128632, 28, -36)
(127624, -1260, -1260)
(129256, 288, 172)
(114980, 252, 0)
(128484, 12, 12)
(115036, 56, -196)
(129224, 336, 412)
(128980, 24, -192)
(127880, 0, -224)
(119004, 140, 112)
(128484, -384, -412)
(128924, 0, -28)
(128680, 84, 84)
(128780, 0, 72)
(129216, -36, -228)
(128572, 24, 24)
(128920, 244, 244)
(129108, 0, 0)
(128728, 0, 0)
(128852, -212, 28)
(129016, 0, -32)
(128416, 56, 56)
(128676, -440, -440)
(124064, 0, -12)
(129184, -8, -8)
(128880, 12, 0)
(128164, 56, 0)
(128976, -12, 12)
(128948, 0, 0)
(127624, 0, 1260)
(129032, 696, 88)
(121600, -1056, -1072)
(129028, 700, 700)
(128880, -348, -684)
(128596, 0, 84)
(129100, 112, 8)
(115008, 688, 284)
(128804, 0, 0)
(128476, 0, -8)
(127808, 0, 320)
(128840, 0, 0)
(129084, 180, 180)
(129336, -168, -360)
(128908, 104, 428)
(129324, 372, 372)
(129220, 444, 1020)
(123016, -28, -28)
(128784, 84, 84)
(128444, 0, 248)
(127448, 28, 1652)
(127700, 0, 0)
(128664, 0, -140)
(129044, 0, -252)
(116292, 24, -428)
(115296, 4, -440)
(129072, -104, -412)
(124348, 444, 444)
(128864, -84, 84)
(115476, 180, 176)
(129140, 264, 164)
(113712, 0, 0)
(129124, 0, -64)
(121316, 28, 28)
(119220, 220, 220)
(128764, -240, -148)
(129252, 192, 124)
(122640, 0, 8)
(127676, -504, -504)
(129236, 28, 28)
(127996, 60, -168)
(128488, -84, -488)
(129320, -92, -176)
(128532, -388, -388)
(128972, 156, -108)
(129184, 0, 0)
(129172, 176, 176)
(128644, -16, -72)
(128876, 0, -12)
(128860, 0, -4)
(113740, 0, 0)
(127520, 0, -12)
(128812, 28, 0)
(128856, 68, 108)
(129212, -96, 192)
(128928, 140, 164)
(129180, 108, -200)
(129004, 28, 28)
(128680, 276, 276)
(117524, 176, -496)
(129112, 652, 588)
(128868, -292, -452)
(129152, 8, 8)
(128720, 0, 0)
(129044, 0, 216)
(119248, 0, 0)
(121608, 0, -96)
(128744, 0, -132)
(122740, 12, 0)
(128788, 28, 64)
(128536, 52, 24)
(111516, 944, 272)
(128408, 196, 196)
(129340, -60, -60)
(124056, 0, 8)
(128892, 48, 428)
(127616, -28, -56)
(128892, 420, 420)
(128384, 0, 0)
(122716, 0, -12)
(128948, 0, -96)
(129388, 528, 928)
(119364, 48, 48)
(129076, -24, -420)
(124032, 0, 32)
(129180, 28, 28)
(129208, 196, 112)
(129260, 96, 40)
(129232, -172, -60)
(129328, -284, -304)
(128116, -688, -1100)
(126988, 1036, 364)
(125364, -40, 24)
(128796, 0, 308)
(128752, 0, -24)
(128536, 0, 32)
(128996, 0, -120)
(127704, 28, -308)
(123632, -8, 412)
(125288, -76, -76)
(129052, 28, 28)
(128668, -496, -832)
(128804, -8, -8)
(125948, 28, 28)
(128828, -240, 12)
(129352, 528, 528)
(128872, 0, 24)
(122724, 708, 708)
(128684, 0, -152)
(128744, 132, 132)
(128888, 0, 252)
(128896, 0, -28)
(129156, 264, 420)
(128620, -616, -616)
(128912, 112, 112)
(128504, 0, 0)
(128588, -84, -184)
(128900, 56, 56)
(128788, -40, 8)
(128952, -168, -360)
(129096, -8, 96)
(129080, -104, -104)
(128672, 100, 100)
(128980, -416, -256)
(122000, 0, 0)
(129120, 192, 56)
(129460, -128, -252)
(128460, 0, 0)
(127764, -112, -224)
(129548, -48, -132)
(128940, -96, 72)
(128968, -132, -328)
(128828, -216, -120)
(129044, 296, 264)
(126672, 640, -304)
(87116, 508, 308)
(128692, -432, -428)
(128844, 56, 28)
(115532, 0, -164)
(128264, 12, 616)
(129412, 84, 0)
(128756, -48, -120)
(128744, 0, -8)
(129316, 104, -24)
(123044, 0, -24)
(129316, -220, -228)
(128844, 0, -8)
(129364, 84, 192)
(127216, 84, 84)
(128860, 0, 0)
(117088, 12, 12)
(128896, 0, 60)
(127400, 140, 476)
(128896, -276, -992)
(129268, 0, -288)
(123896, 16, -16)
(126236, 0, 0)
(128908, 56, 56)
(129464, 72, 104)
(128168, 36, -356)
(128656, -300, -156)
(127992, -36, 1176)
(127660, 0, -24)
(123960, 308, 308)
(129328, 84, 56)
(128920, 32, -4)
(126308, 100, 116)
(123580, 0, 0)
(129028, 0, -700)
(128724, 12, 12)
(126172, 0, -56)
(124600, 0, 0)
(127444, 16, 16)
(129388, 28, -112)
(129216, 132, -140)
(125156, 420, 420)
(129084, 140, 524)
(127744, 40, 40)
(121932, 0, 0)
(128260, 0, 0)
(129476, -24, -24)
(128096, 420, 420)
(125468, 32, -36)
(128568, 28, 28)
(127556, 0, 0)
(128232, 0, 0)
(119348, -16, -16)
(123564, -316, -624)
(128704, 0, 24)
(116676, 16, 16)
(119652, 36, 8)
(127400, 0, -140)
(129060, 56, 72)
(128872, 0, 0)
(129124, -16, -16)
(128276, 12, 0)
(126476, 100, -12)
(128980, 196, 528)
(129168, 48, -36)
(86608, 200, 200)
(128888, 36, -20)
(124484, 140, -140)
(128744, 8, 32)
(128824, -356, -572)
(115896, 112, 28)
(126532, 0, -56)
(128728, 28, -84)
(128772, -104, -104)
(128964, 8, 8)
(128512, -784, -744)
(129148, 28, 0)
(129084, -240, -208)
(128776, -460, -676)
(128072, -132, 1164)
(127920, 28, -28)
(129496, -48, -48)
(128688, 164, 292)
(124700, -4412, -4804)
(128840, 0, -32)
(128312, 104, 104)
(128032, 140, 28)
(127616, 140, 112)
(128988, 28, -128)
(127676, 336, 700)
(121512, 0, -28)
(127148, -196, -196)
(129104, -12, -44)
(128580, 28, 28)
(123652, 0, 296)
(128316, 20, -8)
(89240, 0, 0)
(128932, 0, 0)
(128328, 0, -28)
(127816, -24, 928)
(128876, 252, -56)
(129168, -24, 0)
(121512, 0, 0)
(128120, -880, -632)
(124484, 0, 0)
(126388, 0, 0)
(129036, 28, 28)
(129004, -76, -388)
(128324, -1120, -1272)
(128848, -24, -344)
(109876, -15228, -11224)
(127972, 0, 0)
(115952, 28, 0)
(129008, 68, -44)
(128860, -28, -28)
(121896, 0, 176)
(128552, -272, -392)
(128996, 84, 56)
(128552, 0, -28)
(129268, 236, -8)
(129264, 348, 420)
(129056, 264, 708)
(129000, -60, 268)
(129064, 12, 12)
(128276, 28, -56)
(124064, 0, -36)
(128800, 28, 488)
(128792, -252, -540)
(127868, 0, -36)
(127624, 0, 0)
(128456, 0, -196)
(124060, 0, 0)
(128116, 0, -84)
(128796, 0, 0)
(129512, 244, 40)
(129264, 0, -28)
(128120, 0, -92)
(128792, -440, -828)
(124576, 0, 0)
(128600, 12, 12)
(129032, -40, 64)
(128924, 28, 100)
(129044, -96, -360)
(128880, 28, 472)
(129008, 0, -180)
(129020, -40, -40)
(129188, 280, 772)
(128980, 84, -164)
(119316, 0, -24)
(129236, 292, 496)
(117168, 64, 64)
(128604, 0, -388)
(128848, 0, 0)
(128808, 0, 24)
(129064, 264, 264)
(121296, 0, 0)
(128860, -292, -328)
(128724, -280, -204)
(113664, 0, 0)
(126024, 1148, 336)
(126080, 0, 344)
(129136, 0, 0)
(127952, 28, 28)
(128576, -600, -756)
(124028, -428, -540)
(129180, 84, 56)
(129168, 156, -684)
(129192, 0, -60)
(129560, 640, -88)
(128536, 0, 216)
(127568, 56, 0)
(129176, 156, -96)
(129244, 0, -180)
(128868, -148, -616)
(119256, 8, 8)
(129164, 36, 36)
(129084, 272, 244)
(128876, 100, -304)
(128204, -1296, -1824)
(129008, 156, 132)
(129248, 84, -132)
(129268, 468, 812)
(128964, 108, 72)
(123392, 28, 28)
(128872, -160, 436)
(126408, 44, 44)
(129036, 96, 108)
(124064, -420, -560)
(129188, 36, 28)
(128936, -516, -1212)
(129064, -240, -552)
(129096, 28, -56)
(129180, 28, -224)
(129012, -144, -200)
(129024, 8, 8)
(121728, 36, -36)
(123896, 0, 0)
(127760, 28, -176)
(129248, 272, 244)
(127644, 28, 28)
(129064, 72, 72)
(119952, 68, 68)
(128864, -228, -248)
(127308, 0, 308)
(129080, -372, -1148)
(129040, 0, 0)
(128848, 8, 8)
(119376, 0, -28)
(129024, -16, -16)
(127704, 0, -336)
(128904, 16, 40)
(128572, 0, 0)
(128172, 216, 484)
(129252, 40, 92)
(128968, 0, 0)
(121484, 84, 0)
(119000, 0, -36)
(125292, 48, -92)
(127320, -32, 84)
(128052, 84, -56)
(125280, -744, -1892)
(128648, 0, -48)
(125396, 0, 0)
(124064, 420, 420)
(112392, 0, 0)
(129012, -24, 148)
(128844, -372, -732)
(120132, 600, -120)
(127520, 0, 392)
(128748, -56, -64)
(128860, -196, -84)
(119256, 0, 0)
(127704, 336, 336)
(129136, 0, -2072)
(127636, -1628, -1628)
(129028, 752, 2084)
(128784, 4, 4)
(124036, 0, 412)
(127572, 0, -16)
(129108, 192, 144)
(128732, 420, 420)
(128144, 168, 168)
(128996, 28, -308)
(129088, -240, -1032)
(129192, 0, 24)
(127196, 364, -104)
(121992, 0, 0)
(129164, 216, 48)
(128784, 32, 24)
(129020, 40, 116)
(129136, 140, 140)
(128752, 0, -16)
(127136, 0, 0)
(128572, -308, -728)
(123904, 0, -1384)
(127644, 448, 84)
(127320, 0, 308)
(127556, 52, -144)
(128900, -172, -424)
(128680, 36, 36)
(129140, 16, 16)
(129040, 8, 8)
(128512, 0, 784)
(129232, 388, 388)
(126364, 0, 8)
(127628, 0, 0)
(113692, 28, 28)
(128740, -112, 256)
(129596, 84, 24)
(120712, 0, -36)
(125316, 28, 104)
(129000, 24, 36)
(128700, 112, 112)
(128568, 0, 24)
(119964, 12, 12)
(128864, 16, 40)
(126228, 0, 0)
(129164, 56, 28)
(126172, 56, -664)
(129516, 20, 68)
(119240, 28, -92)
(127916, 156, 128)
(128804, 0, 96)
(128912, 0, -28)
(128668, 0, -28)
(128812, 28, 28)
(119588, -252, -560)
(128800, 0, 512)
(128892, 0, 204)
(127572, 0, 308)
(129060, 0, -16)
(123652, 0, 0)
(129628, 464, 432)
(128640, -8, -8)
(129040, 0, -28)
(129296, 32, 32)
(128032, 412, 188)
(128548, 0, 24)
(127344, 0, 0)
(128780, 0, -24)
(123308, 0, -72)
(125788, 0, 0)
(129224, 16, -268)
(128804, -96, 604)
(129236, 216, -92)
(129524, -60, -276)
(129008, 0, 24)
(129144, 60, 28)
(128740, 0, 16)
(128980, 0, -24)
(128868, -252, 0)
(128940, -200, -124)
(129268, 0, 0)
(129216, 48, -16)
(129276, 420, 252)
(124456, 0, 0)
(128840, 0, 84)
(114448, 748, 396)
(129080, 136, 136)
(128804, -32, -32)
(129060, 16, 16)
(127992, 20, 20)
(128896, 84, 84)
(124052, 0, 8)
(129056, -64, -400)
(123640, 0, 0)
(129272, 56, -76)
(126408, 0, 0)
(118468, 312, -716)
(128472, 0, 468)
(127572, -308, -616)
(129256, 100, 72)
(129144, -204, 36)
(127340, 0, 0)
(127340, -364, -392)
(129328, 20, -36)
(129068, 28, 20)
(119344, -108, 4468)
(128892, -236, -320)
(128524, 0, 608)
(129020, 252, 544)
(128884, -264, -144)
(129236, 84, -312)
(123016, 0, 0)
(127108, -1736, -1348)
(128948, 96, 96)
(128768, 0, 472)
(123640, 8, 8)
(128764, 0, 144)
(128924, 0, 0)
(129024, 0, -8)
(127596, 140, -552)
(128684, -564, -516)
(129112, 4, -52)
(129520, -36, -360)
(127740, 0, 0)
(123284, 168, -64)
(128784, -112, -16)
(127208, -1836, -1836)
(128768, -84, -168)
(83096, 1044, 240)
(119276, 0, 0)
(129584, 276, -44)
(86408, 0, 0)
(129036, 96, 192)
(129236, 28, -84)
(128688, 0, 0)
(119884, 0, 0)
(128976, 0, 0)
(129216, 360, 780)
(124204, 16, 100)
(122184, 56, 0)
(126556, 0, 0)
(128972, -264, -348)
(128956, -144, 24)
(123304, -56, -140)
(128704, 120, 596)
(128584, 0, 112)
(128800, 0, 0)
(128624, 28, 28)
(129028, -424, -604)
(124052, -8, -8)
(127140, 0, 0)
(128824, 28, 28)
(128404, 28, 976)
(119848, -8, -8)
(128256, 12, 12)
(121236, 0, 0)
(118836, 0, -64)
(129128, -124, -364)
(128212, 0, 700)
(128908, 4, 340)
(127800, 224, 224)
(123904, 1384, 1384)
(129412, -188, -272)
(123188, 0, 232)
(129092, -72, -336)
(126080, -344, -680)
(128736, 16, 8)
(129040, 0, -60)
(129032, 8, 8)
(128376, -948, -1768)
(109888, 240, 19452)
(128920, 28, 28)
(129056, -164, 76)
(122592, 0, 0)
(129076, 0, -56)
(116532, 360, 360)
(127596, 0, 0)
(127812, -1256, -1460)
(128676, 180, 516)
(128412, 0, -56)
(128772, -768, -1020)
(128908, 0, 0)
(128128, 0, 308)
(129520, 36, -84)
(128744, 0, 0)
(128952, 216, 0)
(129244, 180, -84)
(128916, 48, 48)
(128932, 196, 140)
(129340, 84, 28)
(128816, 0, 480)
(128836, 0, -56)
(127792, 140, 140)
(129248, 12, -108)
(129288, 120, 120)
(128864, 0, 192)
(128868, 140, 100)
(116464, 72, 44)
(128760, 0, -16)
(129004, 80, 80)
(128756, 28, 28)
(129216, 544, 620)
(128740, 252, 336)
(115844, 100, -24)
(128820, 28, 468)
(128704, 0, 0)
(124060, -412, -832)
(128532, 0, 664)
(112740, 0, -28)
(128520, 148, -104)
(129232, 240, 296)
(129284, 428, 608)
(124052, -412, -832)
(128912, -236, -596)
(129056, -160, -12)
(118616, 244, -268)
(127400, 0, 0)
(129116, 84, 124)
(128068, 48, 36)
(129324, -92, -452)
(129464, -60, 0)
(128852, 8, 32)
(128244, 44, -40)
(119404, 0, 0)
(123608, -24, -24)
(129032, 0, 0)
(120564, -56, -240)
(128820, -276, -624)
(128772, 0, -28)
(115620, 88, 88)
(127648, -60, -60)
(127916, 0, -48)
(128788, -476, -476)
(128728, 0, -40)
(129184, 28, -28)
(128548, 28, -28)
(128436, 0, 0)
(128784, 28, 28)
(128972, 168, 168)
(128256, 0, -12)
(129112, 104, 112)
(129100, 0, 0)
(128632, 0, -84)
(128180, 0, 0)
(129068, -84, 68)
(123848, 0, -960)
(127620, -168, -308)
(128344, -532, -532)
(122180, -4480, -4732)
(128768, 0, -32)
(126004, -1464, -152)
(128952, 28, 24)
(129172, 716, -308)
(129080, 308, 520)
(128528, 84, 84)
(129224, -108, -456)
(128116, 28, 28)
(128764, -780, -956)
(124572, 0, 44)
(127636, 0, -16)
(128864, 492, -312)
(129004, 140, 240)
(121984, 0, 0)
(128756, 156, 144)
(129080, 84, 0)
(121168, 188, -32)
(127308, -364, -696)
(129184, 648, 648)
(127436, 0, 0)
(124036, -412, -840)
(122956, 336, 224)
(123564, 0, 0)
(128440, 0, -28)
(126764, 532, -176)
(128716, 28, 28)
(129148, -264, -76)
(129204, 204, 180)
(128888, -76, 176)
(128460, 64, 44)
(113528, 44, 44)
(128792, 28, 28)
(129276, 144, 168)
(128292, -160, -136)
(127868, 36, 28)
(128320, 32, 1340)
(128740, 0, 112)
(124444, 24, -276)
(129444, -28, -100)
(119376, 28, 44)
(126424, 308, 308)
(125304, 0, 0)
(129244, -24, -24)
(117104, 0, -4)
(128320, 0, -32)
(129604, 408, 324)
(128820, 0, 0)
(123908, 612, 52)
(128856, -180, -336)
(128916, 48, 264)
(129284, -320, -692)
(126304, 300, 300)
(117524, 0, -176)
(128700, 312, 1040)
(128384, 112, 112)
(128956, 4, -24)
(129120, -252, -36)
(129048, -60, -24)
(127964, 28, -56)
(82052, 804, 680)
(129436, -72, -716)
(122328, 776, 132)
(128800, 4, 4)
(128584, -476, -448)
(124040, 0, 8)
(129372, -216, -804)
(128328, 28, 28)
(128692, -936, -1400)
(128916, 36, 36)
(129312, -108, -348)
(128808, -24, -24)
(114524, 748, 748)
(116364, 0, 168)
(122592, 0, 6272)
(126240, 12, 12)
(121236, 0, 40)
(128596, 16, -12)
(128968, -96, -16)
(114448, 0, -748)
(127556, 0, -52)
(128736, 16, 40)
(129180, 204, 356)
(123148, 168, 168)
(128604, 60, 60)
(122180, 0, 0)
(128916, -72, -180)
(127900, 0, -84)
(122704, 84, 56)
(127368, 0, 392)
(128064, 112, 112)
(129604, 248, 8)
(128476, 0, -28)
(127880, 0, 0)
(121984, 0, -8)
(129332, 500, 68)
(128428, -868, -968)
(128696, 280, 224)
(128852, 24, 24)
(128932, 28, 28)
(128192, 0, 140)
(128520, 8, 64)
(128968, 532, 520)
(128876, 0, 0)
(129128, 0, -336)
(128716, -544, -760)
(126228, 0, -56)
(128248, 84, 28)
(125512, 208, 208)
(129056, -36, -36)
(128504, 28, 28)
(129196, 192, 192)
(128748, -140, -220)
(123632, 0, 8)
(129192, 188, 48)
(129516, -44, -684)
(128468, 16, 8)
(129020, 336, 652)
(128700, 0, -68)
(124492, 0, -16)
(129128, 156, 72)
(128448, 0, 48)
(127508, 0, -36)
(128764, 112, 112)
(128612, 0, -84)
(126180, 0, -16)
(126472, 28, 28)
(127580, 36, 344)
(129080, 312, 564)
(128836, 0, -84)
(128916, 0, 0)
(120060, 720, 160)
(119432, 28, 28)
(119212, 120, 32)
(112044, -36, -596)
(128828, -48, 148)
(128844, 12, 12)
(128864, 0, -84)
(129032, 56, 160)
(128576, 0, 0)
(128684, 8, 8)
(128472, 0, -132)
(127820, 0, 364)
(128976, -312, -432)
(121408, 308, -412)
(127628, 8, 8)
(128876, 0, -136)
(128752, -168, -336)
(129040, -144, 24)
(129356, 240, 128)
(127436, 336, -412)
(128976, -104, 76)
(127656, 0, -84)
(129132, 92, 92)
(128728, 40, 40)
(128656, 0, 300)
(128964, -252, -296)
(128936, 216, 144)
(116020, 68, 68)
(121852, 28, -56)
(129008, 0, -68)
(129112, 84, -56)
(120036, 188, 140)
(128804, 0, 168)
(128696, -8, -8)
(113712, 20, 20)
(113496, 476, 44)
(129180, 28, 44)
(129296, -40, 44)
(129132, 8, -52)
(116324, 304, 304)
(113196, 132, 132)
(127616, -1860, -1836)
(128820, 8, -20)
(129092, 0, 84)
(119276, 0, 24)
(128876, 112, 112)
(123920, 12, -600)
(116020, 0, -68)
(128988, -168, -204)
(119248, 16, 16)
(129164, 276, 276)
(128968, 336, 336)
(128900, -120, 84)
(128832, 0, 0)
(128948, 28, 28)
(128928, -216, -12)
(128456, 196, 196)
(128940, 364, 364)
(123936, 28, -304)
(125308, 16, 16)
(123604, -316, -624)
(128648, 0, -44)
(128764, 0, 240)
(119316, 24, 12)
(129116, 96, 64)
(129484, 340, 136)
(128244, 0, -44)
(128716, 84, 0)
(112712, 0, 0)
(128920, 56, 56)
(128412, 0, -448)
(124596, 0, -112)
(128952, -300, -684)
(123640, -420, -532)
(121888, 16, 16)
(128808, -432, -768)
(128972, 0, -156)
(119280, 40, 12)
(128752, 16, 220)
(129096, 168, 28)
(128852, 0, -28)
(128892, -156, -48)
(128820, -632, -632)
(128960, 156, 156)
(128936, 0, 0)
(129272, -60, -120)
(128976, -152, 132)
(129040, -60, 228)
(129072, 308, 348)
(119980, 28, -40)
(127100, 748, 476)
(128548, 0, -8)
(128884, 56, -28)
(116172, 0, -224)
(129552, 0, -384)
(115948, 104, 4)
(129112, 280, 84)
(122800, 616, 560)
(128540, 32, 32)
(128904, -224, -100)
(129228, 372, 372)
(123364, 0, 0)
(129232, 288, 252)
(113064, 0, 0)
(129032, -108, -444)
(124028, 0, 0)
(124380, 308, 308)
(129024, 0, 0)
(128928, 136, 612)
(127792, -64, -64)
(127568, 0, 0)
(128800, -344, -308)
(128888, -84, 4)
(129072, 0, -56)
(119404, -112, -224)
(129152, -16, -64)
(128896, 0, 48)
(128824, 124, -188)
(129304, 312, 468)
(127852, 308, 308)
(127944, 764, -184)
(121236, -40, -40)
(119404, 0, 112)
(126352, 272, 496)
(128780, 84, -196)
(123500, 0, 52)
(129092, 32, 32)
(129116, 0, -28)
(128968, 16, 16)
(129000, 252, 544)
(129080, 132, -612)
(113064, 0, 168)
(123608, 0, 0)
(120908, 776, 176)
(128820, 112, 364)
(128940, 8, -88)
(124604, 0, -28)
(128464, 84, 28)
(128876, 84, 84)
(128976, 0, -28)
(123588, -412, -848)
(129472, 72, -80)
(124572, -44, -44)
(128812, 0, -168)
(122440, 440, 440)
(129152, 36, -20)
(129024, 0, -28)
(121976, 0, -8)
(127708, 0, 0)
(124456, 0, -924)
(127776, -1364, -1256)
(119248, 0, 28)
(129068, -252, -300)
(118772, 156, -88)
(129260, 96, -180)
(129168, 280, 624)
(118156, 1028, 712)
(128788, -24, -40)
(128392, 0, 0)
(128804, -260, -428)
(123632, 0, 316)
(129488, 248, -172)
(128400, 280, 280)
(129004, 0, 588)
(129400, 132, 132)
(129424, 180, -24)
(128632, 84, 56)
(128588, 0, 0)
(128880, 0, -56)
(124040, -8, -16)
(127784, 32, 480)
(128748, -292, -628)
(113128, 692, 300)
(127500, -1680, -2004)
(128892, 24, 24)
(117100, 12, 12)
(129020, -204, -608)
(129092, 4, -24)
(129420, 240, -60)
(128764, 0, 0)
(126660, 252, 252)
(117300, 132, 68)
(128984, 56, -212)
(128872, -336, -532)
(128824, 84, 84)
(121992, -176, -176)
(127340, 0, 364)
(127520, -140, -280)
(123420, 0, 0)
(129056, 0, -16)
(128156, 0, 0)
(129100, 216, 48)
(128516, 152, 152)
(128868, 52, 52)
(128720, -24, -24)
(123588, -412, -832)
(129240, 148, 116)
(128244, 0, 0)
(128996, 28, 28)
(128780, 80, 80)
(128312, 0, -104)
(129068, 204, -288)
(128728, 60, -84)
(125312, 4, 4)
(128824, 0, -28)
(128208, 0, 0)
(128896, 0, -84)
(128692, -16, 16)
(129196, 84, 0)
(128008, -56, -168)
(123296, 560, -76)
(122980, 0, -12)
(128680, 504, 504)
(128712, 312, 276)
(122860, 0, -84)
(128648, -28, -208)
(129340, 12, 204)
(127428, 24, 24)
(127328, -728, -728)
(121628, 56, 0)
(127644, 0, 0)
(129528, 500, 500)
(128924, 4, -52)
(119232, -24, -24)
(128912, 28, -28)
(129092, 324, 780)
(129016, 188, 516)
(128884, 0, -104)
(129428, -84, -168)
(122972, 644, -132)
(124864, 540, -36)
(119256, 0, -8)
(127976, 0, -384)
(129056, -96, -72)
(129056, 28, -104)
(125396, 80, 52)
(128764, -40, 16)
(128864, 0, -16)
(129384, -24, -208)
(129060, 0, -40)
(129224, 404, 376)
(127148, 0, 196)
(124368, 320, 320)
(129048, -108, 0)
(116172, 224, 120)
(125072, 868, 852)
(128596, 0, -16)
(128940, -12, 504)
(128008, 0, 56)
(129264, 0, -132)
(128312, 176, 176)
(88052, 936, 428)
(129460, 176, 496)
(127192, 0, 16)
(128956, 0, -28)
(128776, 404, 344)
(129160, 160, 124)
(128836, 0, 16)
(123560, 0, 308)
(113664, -72, -280)
(128524, -128, 108)
(127556, 0, 32)
(127740, 112, 112)
(127256, 0, -16)
(128820, -12, -60)
(129584, 132, 252)
(123068, 112, -224)
(127836, 0, 0)
(128404, 0, -28)
(129068, 0, 40)
(128956, 84, 84)
(128536, -216, -124)
(128832, 0, -84)
(128444, 0, 84)
(129036, 120, 72)
(128916, 12, -4)
(89224, 0, 16)
(124332, 308, 336)
(128816, 132, 696)
(129028, 0, 0)
(128648, 0, 0)
(128952, 72, -84)
(123616, -16, -16)
(128992, 0, -192)
(128824, 36, 0)
(128852, 24, 240)
(128332, 56, 28)
(127856, 0, 0)
(129012, 840, 624)
(128740, 0, 24)
(124036, 0, 0)
(124028, -428, -568)
(129264, 336, 360)
(128100, 0, 0)
(128972, -204, -120)
(117084, 656, -148)
(128624, 308, 288)
(115952, 0, -28)
(127824, -308, -700)
(129328, 1092, 892)
(113348, 152, 20)
(128876, 636, 1660)
(122520, 0, -340)
(128200, 408, 268)
(121620, 0, -12)
(119980, 0, -28)
(129100, 0, -32)
(123920, 308, 284)
(127308, 0, 364)
(110572, 672, 660)
(126528, 464, 464)
(128904, -276, -504)
(124060, 420, 420)
(128824, 0, 0)
(128520, 0, 448)
(112740, 0, 0)
(127620, 0, 24)
(128468, 0, -28)
(129168, 64, -64)
(129308, 56, 0)
(125576, -28, -112)
(128904, 0, 120)
(114980, 776, 356)
(129092, 56, 28)
(129164, 336, 464)
(128184, 364, 364)
(128872, 28, 28)
(127916, 48, 48)
(127612, 0, -24)
(129116, 32, -208)
(128908, 0, -56)
(128016, 60, -20)
(128780, -28, -168)
(128856, -168, -252)
(129132, -24, 24)
(129340, 352, -68)
(128844, -124, 32)
(128676, 0, 264)
(129000, -248, -332)
(128720, 124, 124)
(129460, -36, -408)
(128376, 0, -56)
(128908, 8, -88)
(129012, -24, -144)
(129124, 64, 0)
(128972, -112, 0)
(128672, 120, 120)
(129032, 120, 16)
(128948, 0, -168)
(129156, 56, -160)
(128632, 0, 504)
(121288, 0, -12)
(120044, 0, -40)
(129604, 372, 544)
(125976, 0, -28)
(88508, 636, -96)
(128988, 8, -16)
(112420, 0, -28)
(128992, 112, 284)
(124032, -32, -32)
(128360, 0, 0)
(128864, 272, 96)
(128508, -24, -24)
(128948, -168, -252)
(129108, 0, -28)
(128832, 16, -8)
(127340, -364, -364)
(126228, 56, 56)
(80368, 2568, 1728)
(128108, 0, -672)
(128360, 0, -28)
(128912, 56, 28)
(126832, 468, 48)
(128756, 112, 112)
(128956, 0, -140)
(128836, 0, 40)
(119364, 0, 0)
(128964, 104, 104)
(129084, -92, 48)
(129060, 332, 316)
(123840, 308, 168)
(129124, 0, 0)
(127436, -2088, -2208)
(129140, 0, 0)
(128032, 0, 728)
(129180, 228, 528)
(128760, 0, 0)
(128552, 0, 0)
(128888, 28, 28)
(128888, 24, 24)
(129164, 32, 32)
(129000, 132, 132)
(124576, 1036, 1148)
(129232, 28, -28)
(113020, 432, 404)
(129160, 104, -92)
(128888, 0, 24)
(128100, -16, 672)
(128748, -24, 744)
(127932, -16, -16)
(121256, 0, 40)
(125304, 0, -364)
(128752, -356, -524)
(128756, 0, 16)
(128980, 0, 0)
(128472, 0, 0)
(127492, 0, 336)
(128804, 72, 432)
(128760, -36, -64)
(128116, 84, 84)
(125080, 336, 196)
(118420, 692, 48)
(124056, -288, -568)
(127528, 188, 56)
(127912, 420, 420)
(121692, 72, 72)
(123324, 60, 60)
(127260, -336, -336)
(128604, 0, -60)
(128752, 8, 8)
(124736, -344, -680)
(121592, -5736, -5008)
(128272, -8, -36)
(128536, -176, -176)
(128812, -428, -428)
(127520, 0, 140)
(128820, 0, 632)
(129168, 56, 0)
(123880, 32, 32)
(127612, 0, 0)
(128580, 8, 316)
(129068, 0, -28)
(129096, 28, 28)
(121276, 8, -4)
(129036, -168, -208)
(128828, -24, -32)
(127596, 28, 28)
(123588, 0, 412)
(128632, 0, -12)
(129132, 0, -8)
(128088, 56, -84)
(128572, 0, 32)
(129108, -36, -24)
(128336, 0, 0)
(128368, 84, 28)
(120368, 332, 144)
(110696, 568, 436)
(128024, 308, 28)
(129588, 124, 52)
(129080, 28, 28)
(129536, -24, -96)
(129448, 196, 468)
(118812, 392, -300)
(126556, 0, -56)
(128804, -148, 32)
(124052, 0, 0)
(123264, 0, 0)
(122072, 140, 48)
(128728, 24, 24)
(116812, 0, 448)
(116676, 0, -16)
(128880, 156, 436)
(129576, 600, 912)
(121752, 24, -12)
(128296, 28, -8)
(128752, 24, -80)
(128884, 168, 712)
(128624, 56, 56)
(124600, 0, -28)
(129004, -16, -56)
(129116, 32, 124)
(128884, 0, 8)
(123540, -112, -112)
(127716, -84, -308)
(119280, 0, 0)
(129488, -36, -364)
(128880, 0, 276)
(128868, 36, 28)
(129608, 72, 96)
(129352, 108, -60)
(114204, 420, -236)
(128736, 0, -16)
(128924, -260, -248)
(128952, 0, -36)
(129176, 48, 48)
(129212, -52, -136)
(126164, 56, 56)
(123936, 0, -28)
(125292, 0, -48)
(129256, 56, 56)
(128764, 108, 24)
(127468, -1312, -2204)
(126108, 0, 8)
(127656, 0, 0)
(128904, -336, -336)
(128992, -68, -96)
(128544, 0, 448)
(128896, -60, 144)
(127704, 0, -28)
(124040, 0, 308)
(129244, 28, -28)
(112420, 0, 0)
(129260, -72, -156)
(127140, 8, 8)
(127140, 0, -8)
(122776, 0, 0)
(127740, -16, 1468)
(128496, 0, 24)
(129200, 0, 0)
(128836, 0, 0)
(127572, 16, 16)
(128996, 84, 84)
(129452, 0, -56)
(121124, 56, -448)
(128604, 388, -736)
(129500, 0, -252)
(127368, -392, -784)
(122592, -308, -616)
(129592, 360, 360)
(128356, 28, 28)
(121992, 0, 176)
(128712, 216, -16)
(129168, 0, -280)
(128424, -308, -728)
(119080, 0, 0)
(129240, 336, 612)
(127676, 28, -1060)
(129512, 300, 396)
(128780, 892, 1000)
(127308, 172, 172)
(127588, -28, -28)
(128820, 0, -8)
(129100, 216, 552)
(129096, 60, -36)
(128272, -20, 140)
(128704, 28, 28)
(129060, -36, -204)
(128968, 0, -36)
(127508, 36, 8)
(129208, 0, -72)
(116392, 28, 28)
(127888, 60, 1192)
(126372, 0, 0)
(126560, 0, -28)
(128180, 56, 28)
(129468, 552, 552)
(126408, 0, -44)
(129164, 108, 204)
(128892, 0, 236)
(126208, -16, -60)
(127672, 0, 0)
(128952, 0, 0)
(128564, 84, -28)
(129124, -124, -556)
(129104, 116, 284)
(129452, 452, 320)
(116812, 0, 0)
(124064, 36, 28)
(128960, 52, 52)
(124044, 0, 0)
(128892, 0, 0)
(129220, 56, 28)
(122704, 0, 0)
(125064, 716, -4)
(129032, -296, -316)
(129128, 112, 112)
(89420, 912, 276)
(129328, -192, -228)
(123580, 0, 316)
(129476, 124, 16)
(128868, 0, 292)
(122888, 132, 132)
(129020, 0, 0)
(84932, 912, -12)
(124744, -412, -832)
(129252, 56, -28)
(127616, 308, 308)
(114848, 0, -144)
(128780, -40, -152)
(128920, 0, -56)
(128344, 0, 1020)
(129240, -100, -40)
(128736, 0, 24)
(129056, 196, 436)
(129040, 60, 36)
(124624, 8, -8)
(128240, -1024, -1032)
(128912, 0, -8)
(128104, 112, 92)
(128816, 0, 0)
(128148, 72, 72)
(129224, 88, -924)
(128028, -1212, -1284)
(128856, -420, -564)
(127936, 56, 56)
(129424, -20, 8)
(122000, -176, -176)
(127708, 84, 84)
(128752, 180, 180)
(129144, 204, 404)
(128888, -364, -728)
(121912, 192, 120)
(129268, 92, 176)
(128900, 96, 244)
(128364, 0, 44)
(127872, 128, 68)
(129204, 252, 408)
(127816, 0, 0)
(128884, 0, 0)
(127764, 0, 28)
(129160, 0, -28)
(121620, 12, 12)
(128864, -364, -736)
(128940, -252, -224)
(128792, -476, -944)
(128852, 56, -40)
(129084, 156, 240)
(128972, 84, 84)
(129252, 364, 252)
(126616, 312, 12)
(123276, -32, -32)
(125696, 0, -120)
(114704, 0, 0)
(128792, 136, 340)
(115700, 56, -112)
(119248, -28, -28)
(126444, -4, -64)
(128740, -112, -224)
(128180, 292, 232)
(129060, -28, -28)
(128804, -384, -420)
(129256, -292, -244)
(129264, 8, -280)
(128944, 8, 140)
(123324, 0, 0)
(128528, 8, 8)
(127672, 364, 364)
(128988, -24, -228)
(128788, 36, 36)
(128800, 0, -28)
(128908, 0, -28)
(128616, -56, 452)
(129128, 0, -156)
(128828, -328, -516)
(128684, 0, -8)
(129108, 0, -48)
(128984, 144, 132)
(128088, 72, 12)
(113484, 0, 0)
(129216, 244, 508)
(128864, 0, 228)
(128712, -564, -288)
(129264, 0, 0)
(127520, 0, 196)
(128816, 8, 8)
(127428, 0, -24)
(127700, 28, 28)
(122176, 0, -24)
(123392, 0, -28)
(128584, 0, 0)
(121888, 0, -16)
(128704, -24, -84)
(129524, 60, 120)
(129156, 36, 20)
(122168, 224, 212)
(129072, 188, 452)
(129248, -48, -80)
(128952, 0, -28)
(128764, 84, 84)
(128544, 0, 0)
(129452, 696, 1344)
(129076, 0, 0)
(128884, -336, -728)
(122152, 168, 168)
(128412, 380, -32)
(124272, 336, 336)
(123236, 48, 48)
(128768, 0, -108)
(123948, 308, 280)
(129328, 792, 968)
(124000, 436, 436)
(127308, 0, 0)
(127328, -756, 420)
(124940, 0, 624)
(128376, 132, 132)
(129252, 84, 28)
(128956, -204, -180)
(128612, 0, 0)
(128632, 0, -28)
(129120, 84, 44)
(120004, 40, -148)
(128456, 0, 128)
(128736, -204, -344)
(123540, -1204, -792)
(129340, -180, -144)
(128116, 0, -28)
(127696, 60, 60)
(129156, -108, -456)
(129000, 0, 84)
(129060, 56, -24)
(128792, 0, -84)
(128888, 0, -12)
(128496, 232, 148)
(128476, 8, -8)
(126064, 0, 16)
(122016, 8, -88)
(128820, 0, 112)
(128452, 8, 8)
(122100, 692, 384)
(128992, 0, -84)
(128888, -344, -696)
(129240, 420, 644)
(129216, 44, -96)
(123244, 192, -124)
(129152, -24, -72)
(129032, 84, 84)
(129132, 96, 0)
(120436, 360, 300)
(127368, 0, 0)
(109900, 12, -228)
(128780, -72, -16)
(112588, 28, -112)
(128980, 24, -180)
(129116, 84, 380)
(129152, 0, -56)
(127180, 948, 528)
(129360, 140, 112)
(128372, 60, 24)
(128880, -336, -644)
(127872, 276, 164)
(121764, 0, 0)
(129200, -268, -404)
(128556, 28, 28)
(129128, 324, 356)
(128216, 1124, 800)
(123332, 448, 424)
(129140, 336, 384)
(128168, 0, -40)
(128548, -24, -24)
(128248, 68, 12)
(128668, 144, 72)
(121572, 56, -140)
(127828, 84, 44)
(127648, 1088, 1088)
(123640, 0, -8)
(128744, 28, -56)
(128572, -32, -32)
(119452, -4576, -4576)
(129100, -168, -260)
(128932, -32, -32)
(109996, 12, -96)
(126180, 16, -40)
(119884, 36, 36)
(129236, -40, -460)
(129140, 0, -16)
(128696, 0, 216)
(129048, 56, 56)
(121296, 0, 8)
(129012, 140, 300)
(117076, 0, 0)
(121992, 272, -280)
(114476, 28, 28)
(122176, 24, -144)
(128828, 120, 120)
(122776, 36, 24)
(128260, -308, -308)
(127780, 0, -84)
(128816, 24, 24)
(128976, 280, 264)
(129116, 0, -84)
(113776, 36, 36)
(128740, -240, -436)
(115784, 84, 28)
(128604, 0, 0)
(89608, 516, -524)
(121608, 0, 0)
(126364, 420, 28)
(128900, 84, 84)
(128956, 56, -28)
(128992, 84, 84)
(129408, 184, 168)
(129308, -288, -388)
(128136, 0, -616)
(123188, 0, 0)
(128288, 692, 552)
(128656, -204, -36)
(129336, 364, 196)
(124324, 576, 152)
(128568, 140, 140)
(125096, 148, 148)
(129452, 776, 504)
(129152, 396, 444)
(129084, 32, 80)
(128984, 112, 408)
(128952, -156, -156)
(128476, 28, 28)
(128928, -24, 144)
(128924, 0, -64)
(122704, 0, 476)
(129324, -32, -164)
(128404, -816, -1260)
(128124, 0, 0)
(128828, 0, -8)
(128568, 112, 112)
(128772, 28, 28)
(129272, 0, -192)
(128036, -168, -304)
(125920, 0, -2380)
(129556, 468, 588)
(128896, 248, 248)
(128980, 24, 48)
(125976, 0, 0)
(128792, 364, 280)
(128960, -272, -560)
(128524, 72, 48)
(129148, 360, 360)
(128456, 4, 4)
(128660, 56, 56)
(129216, 48, 8)
(129280, 600, 600)
(128856, 28, 0)
(128832, -112, -120)
(128868, 28, 0)
(129468, 136, -364)
(128864, 0, -12)
(127556, -32, -32)
(128724, -224, 16)
(127652, 0, 48)
(121288, 0, 0)
(128864, 0, 0)
(120016, -60, -172)
(129052, 308, 308)
(129232, 352, 688)
(129016, -236, -276)
(128544, 60, 60)
(128780, -16, -16)
(124608, 92, 68)
(129176, 224, 232)
(128792, 0, -136)
(127308, -392, -784)
(114180, 916, 76)
(128880, -168, -176)
(128228, 84, -84)
(128928, 12, 228)
(128772, -460, -488)
(127856, 0, -36)
(129104, 128, -12)
(129144, -36, -144)
(128180, 0, -168)
(128816, 84, 0)
(128896, -96, -28)
(128808, 0, 0)
(128132, 392, 392)
(121256, 0, 0)
(127884, 364, 364)
(122736, 28, -112)
(122884, 28, -28)
(124120, 224, 224)
(128964, 136, 16)
(129272, 28, 28)
(119532, 56, -140)
(119364, 0, -48)
(115064, 56, -632)
(122072, 168, 28)
(117088, 0, -12)
(128372, 476, 476)
(129356, 132, 240)
(127368, 48, 48)
(128028, 448, 412)
(127716, 0, 0)
(129200, 236, 228)
(125944, 392, -216)
(128956, 0, -4)
(123552, 0, 0)
(128808, 0, -28)
(128856, 36, 36)
(115320, 20, -160)
(128088, 0, -8)
(129044, 0, 0)
(114992, 812, -104)
(129348, 36, -96)
(127620, 224, -500)
(128588, 0, -52)
(128908, 0, -8)
(128884, 52, -80)
(128904, 28, 28)
(127808, -320, -684)
(89184, -40, -40)
(128804, 0, 384)
(128860, 32, 32)
(128700, -228, -12)
(127936, 228, 1932)
(128912, 36, 36)
(128588, 0, -328)
(128124, 8, -20)
(128888, 60, -12)
(128732, -360, -372)
(128768, -336, -324)
(129608, 164, -24)
(127852, 28, 28)
(112752, 12, 12)
(123896, 0, -16)
(129136, 0, -140)
(129008, 84, 344)
(128952, -516, -1068)
(124464, 420, 420)
(128968, 0, -16)
(129088, 196, -224)
(129176, -84, -84)
(128740, 0, 0)
(128888, 80, 56)
(129032, 0, -120)
(129236, 120, 120)
(128768, -252, -588)
(115816, 628, 504)
(128864, 0, 56)
(128696, 112, 592)
(128752, -92, 212)
(114704, 0, -180)
(128280, 28, -28)
(129196, -208, -8)
(128568, 0, 532)
(113264, 840, -68)
(127520, 12, 12)
(128608, 196, 196)
(128888, 0, 84)
(122180, 0, -588)
(129608, 36, -12)
(128536, 0, 0)
(128572, 0, 552)
(129068, 0, 0)
(128796, 0, -112)
(128800, 0, 804)
(112420, 28, 28)
(128844, -388, -776)
(123652, 8, 8)
(129056, 16, 16)
(128904, -120, 120)
(129124, -28, -280)
(127132, 0, 1764)
(129232, 168, 156)
(129160, 28, -28)
(129264, 132, 36)
(129188, 324, 324)
(128652, 168, 168)
(128640, -64, -92)
(127064, 448, 136)
(119256, 8, -8)
(129232, 388, 512)
(128888, -252, -428)
(128800, -24, -24)
(129128, -284, -552)
(129132, -24, -288)
(128968, 36, 36)
(129184, 0, 8)
(129104, -104, -76)
(128868, 24, 396)
(128684, 28, 28)
(128916, -268, -500)
(128940, -296, -324)
(129068, -192, -288)
(128424, 0, -28)
(129016, 164, 376)
(128252, 56, -168)
(128312, 56, 56)
(128996, -108, -224)
(127824, 0, -28)
(119848, 48, -164)
(128984, 0, -16)
(128688, -316, -652)
(122968, -364, -812)
(129116, 84, -612)
(129056, -84, -300)
(122708, 140, -436)
(127972, 0, -28)
(128756, -468, -720)
(129108, 48, 48)
(121320, -84, -252)
(128552, 36, -116)
(129268, 368, 488)
(128588, 52, 52)
(127936, 84, 56)
(127944, 28, 28)
(124020, 0, 8)
(128836, 0, -52)
(122756, 0, -32)
(126444, 0, 0)
(129504, 192, 300)
(128824, 120, 0)
(75232, -53816, -53768)
(127700, -1828, -2328)
(115368, 48, 28)
(129032, -204, -164)
(122520, 340, 340)
(128796, 16, 16)
(119776, 560, 108)
(128744, 0, 92)
(128852, -312, -348)
(127204, 56, 56)
(120196, 152, 152)
(128800, -612, -912)
(120076, 112, 100)
(128676, -264, -628)
(129240, 72, -84)
(123644, 0, 0)
(129540, 252, -48)
(129120, 8, 8)
(128300, 28, 28)
(129312, 132, 148)
(113736, 208, 208)
(129108, 168, 464)
(128176, 0, 0)
(129224, 252, 384)
(127676, 0, 504)
(127716, 0, 84)
(128680, 0, -36)
(128688, 260, 724)
(89224, -16, -16)
(128912, 0, -56)
(128804, -180, -324)
(124028, 0, 28)
(127672, 12, 12)
(126308, 0, 0)
(122704, 0, -84)
(128796, 0, 20)
(83300, 40, 46136)
(129044, 0, -296)
(129020, 32, -28)
(127332, 0, 0)
(128396, 0, 0)
(122016, 0, -8)
(128660, -24, -24)
(119840, 308, 252)
(118372, 512, -48)
(113916, 420, -56)
(128896, 0, 44)
(129500, -12, -312)
(124948, 0, 0)
(128992, -156, -116)
(127700, 392, 392)
(128816, 28, 28)
(119092, 88, -52)
(128996, 0, 360)
(128136, -616, -616)
(129000, -84, -24)
(127656, 84, 84)
(129252, -272, -432)
(128952, -180, -272)
(129168, 312, 432)
(128768, -472, -620)
(129208, 312, 312)
(129212, 576, 780)
(127872, 0, -128)
(128908, -492, -624)
(119400, 0, 16)
(128708, -252, 20)
(128272, 0, 20)
(121276, 0, -196)
(128444, -84, -168)
(128592, 176, 104)
(121984, 8, 8)
(124876, 812, 344)
(128116, 0, 0)
(128836, 0, -8)
(126236, 0, -56)
(128700, 68, 68)
(129296, 392, 688)
(128328, 180, 180)
(124064, 0, 0)
(128588, 0, -32)
(129396, 56, -28)
(127804, 328, 352)
(128944, 36, 32)
(128452, 0, 0)
(123612, 24, 24)
(128644, 56, 56)
(129004, 28, -84)
(129132, 188, 20)
(128720, -24, 44)
(112436, 392, 428)
(129088, 0, 240)
(116812, -448, -1244)
(128796, 96, 324)
(128496, -336, -864)
(129268, 300, 252)
(128632, 0, 0)
(129420, 672, 696)
(128828, 0, -112)
(129076, 0, -28)
(129620, 528, 384)
(128752, 0, -8)
(127820, 0, 1636)
(129588, 588, 588)
(123396, 112, -56)
(129256, 176, -40)
(128944, -204, 232)
(128412, 56, 56)
(120996, 40, -128)
(128744, 24, 48)
(128548, 0, 0)
(129008, 84, 84)
(119292, 12, 12)
(128676, 140, 88)
(128852, 24, 48)
(129156, 188, 320)
(121288, 12, 4)
(128032, 0, 0)
(126088, -440, -904)
(128940, 140, 140)
(128852, 28, 28)
(127344, 0, 756)
(127404, 72, 72)
(127672, 332, 332)
(129088, 0, -196)
(128856, -120, -84)
(112184, 0, 0)
(128940, 0, 32)
(129020, 8, -20)
(128452, 140, 140)
(128952, 28, -28)
(123616, 0, 16)
(126116, -412, -832)
(129052, 12, -516)
(129064, 28, 0)
(123644, -316, -624)
(124616, 0, 0)
(129024, 28, 0)
(129452, 56, 0)
(128880, -276, 144)
(128392, 0, 336)
(129024, -240, -168)
(127696, 0, 0)
(112364, -184, -504)
(128568, 0, 0)
(129544, 420, 412)
(128868, 0, 0)
(129460, -120, -168)
(128600, -24, -24)
(115624, 644, -132)
(129288, 300, 492)
(128676, 0, -28)
(128028, 0, -448)
(128916, 0, -36)
(119884, 0, -36)
(128828, 72, -84)
(129156, -420, -1020)
(123180, 476, 476)
(128456, 60, 48)
(128652, 0, 0)
(127508, 0, 0)
(128760, -8, -8)
(122508, 0, -28)
(128436, 12, 12)
(128336, 608, -108)
(128780, 0, -132)
(128852, -56, 0)
(85104, 912, 20)
(128860, 4, -64)
(123868, 448, 448)
(128976, 28, -32)
(129092, 20, -64)
(128852, 0, 312)
(117584, 664, -56)
(128704, -600, -636)
(129452, -120, -84)
(128056, 364, 484)
(127368, 0, -48)
(128668, -28, -20)
(123640, -412, -848)
(128804, -324, -436)
(128720, 56, 56)
(128168, 40, 40)
(128872, 0, 16)
(128524, 24, 48)
(129012, 204, 636)
(85796, 396, -72)
(124028, -28, -28)
(129044, -56, -1064)
(128528, 0, -32)
(128920, 8, 8)
(128956, 140, 132)
(121932, 0, -36)
(128784, -264, -204)
(129092, 12, -296)
(128836, 52, -32)
(128676, 0, -140)
(128528, 0, 0)
(128864, -100, -240)
(129060, 0, 0)
(128392, 0, -56)
(128868, -216, -372)
(112392, 28, 212)
(128648, -272, -272)
(129104, 32, -84)
(128904, -148, -316)
(129240, 0, -148)
(128968, 48, 20)
(127880, 224, 224)
(114728, 252, 224)
(128448, 0, 0)
(128796, -308, -340)
(116660, 336, 32)
(129152, 0, 0)
(128872, -24, -24)
(128396, 84, -92)
(127208, -1792, -1732)
(128984, 16, 16)
(127956, -268, -716)
(129308, 320, 292)
(128364, 24, 48)
(129464, -120, -252)
(128792, 84, 336)
(129240, 0, -56)
(128868, 0, -52)
(129332, 84, -28)
(123524, 0, 0)
(128944, 8, 8)
(129036, 40, -44)
(127432, -1648, -1648)
(129264, 28, 0)
(128876, 136, 136)
(128176, -644, -644)
(129004, -92, -84)
(127856, 36, 36)
(129136, 1012, 1012)
(128424, 28, 28)
(127876, 112, 112)
(127708, -1704, -1656)
(123632, 0, 0)
(129544, 0, -36)
(119616, 28, 280)
(128452, -440, -488)
(129016, 468, -44)
(116660, 0, -336)
(128428, 0, -28)
(129108, 532, 1132)
(128312, 0, 0)
(127568, 0, -56)
(129008, 0, -84)
(128864, 84, 0)
(129052, 168, 116)
(123640, 8, 420)
(129064, -80, -108)
(126556, 56, 56)
(113784, 656, -36)
(129032, 252, 268)
(123364, 0, -1764)
(129068, 84, 56)
(127692, -120, 1136)
(126560, 0, 0)
(129236, 0, -120)
(129484, 120, -396)
(129232, 0, -240)
(127132, 0, 84)
(127764, 0, 0)
(129532, 204, -888)
(128860, 0, -32)
(129612, 20, -232)
(129500, 184, 404)
(127780, 84, 84)
(128956, -316, -840)
(128760, 16, 16)
(128632, -504, -504)
(128460, 0, 24)
(114848, 144, 144)
(129020, 308, 92)
(128928, 268, 292)
(128156, 224, 240)
(128336, -384, -508)
(128736, 0, 0)
(128704, -328, -124)
(127136, -2364, -2352)
(117128, 316, 316)
(124348, 720, 64)
(128956, 204, 204)
(129116, 84, 0)
(118836, 64, -92)
(116172, 488, -204)
(129292, -36, 124)
(121740, 112, 56)
(127616, 0, 28)
(129184, -240, -420)
(128888, 112, 28)
(128524, 0, -132)
(128884, -468, -996)
(126444, 0, 4)
(128392, -568, -620)
(126424, 448, 448)
(129032, 244, 220)
(125604, 84, 84)
(129152, 252, 424)
(127964, 0, -28)
(128892, -204, -224)
(123644, 0, 316)
(128736, 56, 28)
(128128, 364, 476)
(128864, 28, 28)
(124940, 0, 0)
(129600, 84, -348)
(89280, 0, -96)
(124052, 0, 412)
(129080, -180, -460)
(129260, 0, -16)
(126500, 28, 28)
(124028, 0, 428)
(128960, 28, 28)
(128844, 0, -56)
(127972, 0, -36)
(128776, 84, 84)
(128244, 0, -128)
(113776, 0, -36)
(128840, -36, -672)
(127520, -364, -728)
(128992, -100, -424)
(128572, -552, -552)
(119000, 36, 36)
(128204, 228, 228)
(128448, -48, -76)
(129040, 32, -52)
(128960, -296, -536)
(128964, -168, -356)
(128684, 60, 32)
(129116, 56, 0)
(128980, -76, 84)
(129024, 0, 16)
(119280, 0, -24)
(128780, 0, -28)
(127332, 24, 24)
(124480, 560, 548)
(127620, -24, -24)
(124064, 12, 12)
(129184, -168, -348)
(128796, 0, -16)
(124744, 140, 140)
(119280, 24, 24)
(128244, 128, 128)
(124060, 0, 412)
(128864, 0, -28)
(129604, 156, -40)
(128572, 0, 104)
(128888, 28, 320)
(119856, 0, -12)
(128832, 0, -16)
(129388, 316, 176)
(129084, 240, 228)
(129136, -336, -204)
(125368, 32, 32)
(129364, 516, 516)
(128424, 0, 0)
(128532, -700, -728)
(128988, 104, 104)
(129040, 28, 28)
(127332, 0, 392)
(120676, 108, 16)
(128928, 0, 0)
(121516, 196, 280)
(126292, 0, 0)
(129132, 0, -12)
(129580, 48, -156)
(86104, 1000, 88)
(124044, -288, -596)
(128620, 0, 0)
(123028, 0, -12)
(126448, 60, 60)
(129120, 28, 24)
(128864, -192, -156)
(127620, 0, 0)
(120996, 0, 0)
(128924, 64, 64)
(127824, 0, 0)
(128764, 0, 780)
(129040, 528, 528)
(123868, 308, 308)
(127568, -1524, -1452)
(127896, 16, 16)
(128948, 168, 60)
(129412, -48, 72)
(129264, 84, 56)
(128796, -20, -20)
(128756, 0, -28)
(128496, 28, 28)
(119300, -44, 64)
(122128, 56, -84)
(128804, -56, 140)
(127636, 0, 0)
(129140, -76, -180)
(128836, -140, -420)
(128760, 0, 8)
(127948, 0, -28)
(128792, 0, 0)
(124044, 0, 288)
(129000, 36, 60)
(128876, 0, -252)
(128588, 0, 84)
(127712, 12, -16)
(129056, -112, -136)
(129052, 0, -12)
(129252, 240, 100)
(127864, 84, 84)
(128952, 36, 24)
(129364, -248, -344)
(129116, -44, 180)
(128908, 0, -104)
(129120, 16, 40)
(129352, 180, 4)
(129560, 72, 60)
(129156, 56, -84)
(129000, 108, 108)
(128832, 8, -116)
(121268, 12, 12)
(129160, -24, 216)
(128456, 1024, 2672)
(128708, -252, -28)
(122656, 16, 16)
(128648, 0, -168)
(118864, 28, 28)
(128124, 28, -392)
(88996, -424, -1336)
(127396, 724, 84)
(129260, 0, 0)
(115120, 84, 28)
(129496, 804, -148)
(129368, 404, 300)
(128844, 0, -24)
(129572, -36, -108)
(128804, 412, 980)
(128764, 0, -84)
(128612, 84, 84)
(129476, 440, 188)
(129048, -112, -216)
(128596, 0, 56)
(128976, 112, 112)
(119388, 308, 308)
(128908, 0, -72)
(112080, 560, -264)
(128924, -160, 80)
(129396, -160, -628)
(128816, 0, -8)
(127192, -16, -16)
(124516, 24, 24)
(118764, 760, 620)
(128724, 0, 0)
(127764, -28, -28)
(124040, -308, -752)
(129240, 0, 0)
(129272, 192, 56)
(128428, -464, -340)
(128740, -880, -1408)
(128476, 0, 0)
(127916, -1140, -1056)
(128764, -504, -312)
(129144, 48, -96)
(129412, 268, 396)
(129120, 336, 448)
(127816, 308, 308)
(123264, -40, -40)
(128452, 24, 24)
(128716, -12, -12)
(128276, 28, -40)
(129028, 132, 132)
(128520, 0, 0)
(128776, -576, -824)
(128876, 12, 12)
(129596, 44, -452)
(84020, 924, -120)
(127588, 32, 32)
