(0, 0) 0.616923 0.973630 0.496250
(0, 1) 0.627257 0.969641 0.492977
(0, 2) 0.654807 0.961897 0.491232
(0, 3) 0.665431 0.957921 0.493018
(0, 4) 0.671091 0.954609 0.490880
(0, 5) 0.687735 0.951620 0.489736
(0, 6) 0.688232 0.954128 0.493979
(0, 7) 0.688323 0.954365 0.494661
(0, 8) 0.675682 0.956808 0.559011
(0, 9) 0.611264 0.965747 0.966219
(0, 10) 0.621121 0.952107 0.940788
(0, 11) 0.620087 0.325372 0.290955
(0, 12) 0.584881 0.009978 0.004961
(0, 13) 0.710586 0.300941 0.157523
(0, 14) 0.845455 0.612927 0.320961
(0, 15) 0.855359 0.635601 0.332379
(0, 16) 0.953955 0.859926 0.443984
(0, 17) 0.963094 0.878811 0.451525
(0, 18) 0.963942 0.880712 0.452245
(0, 19) 0.977261 0.907407 0.469202
(0, 20) 0.983827 0.919299 0.474190
(0, 21) 0.984732 0.921611 0.474521
(0, 22) 0.984700 0.925772 0.474133
(0, 23) 0.985657 0.929697 0.475082
(0, 24) 0.987118 0.931964 0.477866
(0, 25) 0.989209 0.932940 0.480554
(0, 26) 0.990871 0.936696 0.481039
(0, 27) 0.992056 0.938985 0.482138
(0, 28) 0.992868 0.940414 0.483639
(0, 29) 0.993800 0.943161 0.484741
(0, 30) 0.994116 0.945114 0.485150
(0, 31) 0.994368 0.946872 0.485666
(0, 32) 0.995249 0.948348 0.485740
(0, 33) 0.994982 0.948281 0.486877
(0, 34) 0.995272 0.948389 0.488223
(0, 35) 0.996968 0.949494 0.488535
(0, 36) 0.997889 0.951278 0.488389
(0, 37) 0.997899 0.952509 0.487813
(0, 38) 0.997136 0.953629 0.485443
(0, 39) 0.996556 0.955205 0.483381
(1, 0) 0.638189 0.972995 0.498758
(1, 1) 0.649367 0.968177 0.495110
(1, 2) 0.656233 0.968797 0.495206
(1, 3) 0.662819 0.961521 0.493833
(1, 4) 0.800001 0.956947 0.494223
(1, 5) 0.732508 0.953804 0.491986
(1, 6) 0.688493 0.955857 0.496074
(1, 7) 0.704907 0.955180 0.510132
(1, 8) 0.714125 0.960109 0.673736
(1, 9) 0.712231 0.964902 0.843176
(1, 10) 0.645990 0.556421 0.500006
(1, 11) 0.639155 0.130045 0.064695
(1, 12) 0.610942 0.067755 0.033773
(1, 13) 0.714538 0.322304 0.174638
(1, 14) 0.846753 0.649471 0.356864
(1, 15) 0.935943 0.825287 0.430083
(1, 16) 0.942792 0.847210 0.441830
(1, 17) 0.953693 0.859934 0.444148
(1, 18) 0.975167 0.903774 0.467236
(1, 19) 0.980305 0.914265 0.474484
(1, 20) 0.981670 0.919250 0.476687
(1, 21) 0.984390 0.922529 0.476233
(1, 22) 0.984212 0.924597 0.478032
(1, 23) 0.984135 0.927867 0.478649
(1, 24) 0.987869 0.931098 0.481445
(1, 25) 0.989112 0.932312 0.482132
(1, 26) 0.990013 0.935107 0.482475
(1, 27) 0.991511 0.939078 0.483841
(1, 28) 0.993012 0.941146 0.484942
(1, 29) 0.993823 0.943172 0.486156
(1, 30) 0.993671 0.945178 0.486474
(1, 31) 0.993366 0.946284 0.486835
(1, 32) 0.993970 0.947686 0.486632
(1, 33) 0.993949 0.948268 0.488012
(1, 34) 0.994334 0.948271 0.488447
(1, 35) 0.995091 0.949060 0.488678
(1, 36) 0.996222 0.951063 0.488524
(1, 37) 0.996541 0.953246 0.488089
(1, 38) 0.996719 0.955104 0.487471
(1, 39) 0.997343 0.956036 0.485586
(2, 0) 0.675855 0.968471 0.496584
(2, 1) 0.668321 0.967820 0.496640
(2, 2) 0.664284 0.968811 0.495856
(2, 3) 0.793534 0.961615 0.496000
(2, 4) 0.851298 0.955081 0.493382
(2, 5) 0.862150 0.954721 0.494206
(2, 6) 0.807196 0.955124 0.517237
(2, 7) 0.848189 0.956443 0.636827
(2, 8) 0.866565 0.953800 0.598373
(2, 9) 0.847682 0.958333 0.672857
(2, 10) 0.892946 0.950290 0.555013
(2, 11) 0.790729 0.567670 0.291479
(2, 12) 0.771121 0.507285 0.263005
(2, 13) 0.836787 0.656566 0.373285
(2, 14) 0.847786 0.683988 0.390886
(2, 15) 0.901989 0.801095 0.430249
(2, 16) 0.939942 0.850464 0.444764
(2, 17) 0.940055 0.863418 0.449899
(2, 18) 0.966477 0.902326 0.473545
(2, 19) 0.979339 0.920763 0.479674
(2, 20) 0.981125 0.922606 0.478635
(2, 21) 0.982741 0.923712 0.479483
(2, 22) 0.984119 0.925656 0.479934
(2, 23) 0.984804 0.927586 0.481135
(2, 24) 0.985722 0.930455 0.482270
(2, 25) 0.987483 0.932926 0.483529
(2, 26) 0.989320 0.936797 0.485000
(2, 27) 0.990354 0.939838 0.485694
(2, 28) 0.991849 0.941841 0.486542
(2, 29) 0.993496 0.943996 0.487678
(2, 30) 0.993439 0.945349 0.487684
(2, 31) 0.993204 0.946200 0.487634
(2, 32) 0.992723 0.947469 0.487661
(2, 33) 0.992884 0.948643 0.488304
(2, 34) 0.993662 0.949147 0.488814
(2, 35) 0.994437 0.950309 0.489004
(2, 36) 0.994441 0.952075 0.488535
(2, 37) 0.994962 0.953960 0.488387
(2, 38) 0.995971 0.955314 0.488847
(2, 39) 0.997152 0.955932 0.488487
(3, 0) 0.689836 0.968528 0.495329
(3, 1) 0.684787 0.967202 0.495327
(3, 2) 0.794680 0.965165 0.497547
(3, 3) 0.856943 0.963435 0.499009
(3, 4) 0.863136 0.956330 0.495649
(3, 5) 0.867480 0.954438 0.494520
(3, 6) 0.868067 0.953922 0.493709
(3, 7) 0.875389 0.952097 0.519377
(3, 8) 0.901642 0.946657 0.488916
(3, 9) 0.901109 0.952288 0.525322
(3, 10) 0.920977 0.951699 0.491342
(3, 11) 0.921454 0.951255 0.490890
(3, 12) 0.924210 0.952876 0.492214
(3, 13) 0.921809 0.940663 0.488290
(3, 14) 0.897939 0.833126 0.444490
(3, 15) 0.922026 0.871132 0.452455
(3, 16) 0.933644 0.867147 0.450992
(3, 17) 0.939631 0.875020 0.451884
(3, 18) 0.955046 0.917645 0.479217
(3, 19) 0.972902 0.927966 0.491532
(3, 20) 0.976930 0.926834 0.483340
(3, 21) 0.980096 0.925037 0.481788
(3, 22) 0.980589 0.927570 0.479883
(3, 23) 0.981916 0.931896 0.481198
(3, 24) 0.985818 0.932831 0.483888
(3, 25) 0.986350 0.935353 0.485729
(3, 26) 0.988989 0.937674 0.487142
(3, 27) 0.990572 0.940889 0.487464
(3, 28) 0.991915 0.942600 0.488433
(3, 29) 0.992843 0.943524 0.488983
(3, 30) 0.993477 0.944774 0.489287
(3, 31) 0.993670 0.946020 0.488910
(3, 32) 0.993391 0.947443 0.488966
(3, 33) 0.993091 0.948912 0.489307
(3, 34) 0.993446 0.949712 0.489582
(3, 35) 0.994187 0.950134 0.489901
(3, 36) 0.994739 0.950907 0.489117
(3, 37) 0.995311 0.952811 0.489538
(3, 38) 0.995985 0.954097 0.490185
(3, 39) 0.996216 0.954024 0.490718
(4, 0) 0.757088 0.969356 0.495581
(4, 1) 0.814441 0.963196 0.495583
(4, 2) 0.868689 0.960315 0.497842
(4, 3) 0.867743 0.958776 0.497001
(4, 4) 0.874040 0.955017 0.495157
(4, 5) 0.870231 0.954633 0.494777
(4, 6) 0.874950 0.954124 0.492067
(4, 7) 0.889184 0.952959 0.490190
(4, 8) 0.904558 0.949405 0.488070
(4, 9) 0.918164 0.953878 0.492720
(4, 10) 0.920792 0.954128 0.494204
(4, 11) 0.923353 0.953617 0.492852
(4, 12) 0.925209 0.954524 0.493471
(4, 13) 0.927336 0.954461 0.493120
(4, 14) 0.931208 0.953980 0.491986
(4, 15) 0.927782 0.918724 0.475286
(4, 16) 0.934568 0.924461 0.479193
(4, 17) 0.946525 0.918938 0.476781
(4, 18) 0.952594 0.933097 0.485695
(4, 19) 0.958385 0.937544 0.488108
(4, 20) 0.961560 0.944030 0.487845
(4, 21) 0.962931 0.942332 0.484973
(4, 22) 0.968682 0.941022 0.478545
(4, 23) 0.970608 0.940534 0.477761
(4, 24) 0.979882 0.937195 0.482396
(4, 25) 0.984738 0.938548 0.488849
(4, 26) 0.987553 0.939264 0.488355
(4, 27) 0.989540 0.941698 0.488744
(4, 28) 0.990898 0.943327 0.489333
(4, 29) 0.992475 0.944101 0.490156
(4, 30) 0.992961 0.945101 0.490609
(4, 31) 0.993542 0.946031 0.490127
(4, 32) 0.993905 0.947270 0.490088
(4, 33) 0.993746 0.948389 0.489949
(4, 34) 0.993910 0.949378 0.490194
(4, 35) 0.994474 0.949832 0.490306
(4, 36) 0.995187 0.950507 0.490166
(4, 37) 0.995737 0.951834 0.490411
(4, 38) 0.995745 0.952660 0.490915
(4, 39) 0.995745 0.952986 0.491371
(5, 0) 0.864650 0.969225 0.495427
(5, 1) 0.867068 0.966433 0.496311
(5, 2) 0.871474 0.960997 0.496473
(5, 3) 0.876119 0.955482 0.495365
(5, 4) 0.876896 0.954823 0.495033
(5, 5) 0.877938 0.954718 0.494010
(5, 6) 0.885484 0.954527 0.490395
(5, 7) 0.895660 0.955063 0.490451
(5, 8) 0.912184 0.954291 0.493198
(5, 9) 0.920398 0.954421 0.494684
(5, 10) 0.920875 0.954424 0.494782
(5, 11) 0.921591 0.954577 0.494517
(5, 12) 0.924822 0.955005 0.493553
(5, 13) 0.929635 0.955415 0.492981
(5, 14) 0.933668 0.954569 0.492332
(5, 15) 0.936300 0.950364 0.490490
(5, 16) 0.938234 0.941856 0.488193
(5, 17) 0.940586 0.941166 0.486681
(5, 18) 0.950085 0.939090 0.486101
(5, 19) 0.953693 0.947124 0.487111
(5, 20) 0.956459 0.946751 0.487355
(5, 21) 0.957025 0.947098 0.487240
(5, 22) 0.958112 0.946315 0.487236
(5, 23) 0.970413 0.941328 0.481230
(5, 24) 0.975237 0.946050 0.489493
(5, 25) 0.982288 0.941232 0.492151
(5, 26) 0.986284 0.942218 0.490685
(5, 27) 0.988962 0.943043 0.489493
(5, 28) 0.990078 0.944068 0.489796
(5, 29) 0.991496 0.945012 0.490224
(5, 30) 0.992158 0.945748 0.490714
(5, 31) 0.993083 0.946416 0.490796
(5, 32) 0.993886 0.947271 0.491000
(5, 33) 0.993840 0.948159 0.490685
(5, 34) 0.994085 0.948913 0.490673
(5, 35) 0.994634 0.949370 0.490469
(5, 36) 0.995855 0.949255 0.490285
(5, 37) 0.996436 0.950986 0.490580
(5, 38) 0.996117 0.952256 0.491262
(5, 39) 0.996205 0.952758 0.491424
(6, 0) 0.870358 0.968730 0.496307
(6, 1) 0.873407 0.964844 0.496015
(6, 2) 0.876626 0.962059 0.496148
(6, 3) 0.880185 0.957742 0.495952
(6, 4) 0.881508 0.955005 0.494788
(6, 5) 0.885303 0.954710 0.493991
(6, 6) 0.892920 0.955481 0.491799
(6, 7) 0.907457 0.955485 0.492476
(6, 8) 0.917488 0.954936 0.494479
(6, 9) 0.919746 0.954520 0.494854
(6, 10) 0.920481 0.954380 0.494866
(6, 11) 0.922219 0.954476 0.494751
(6, 12) 0.929165 0.955147 0.494165
(6, 13) 0.933955 0.954544 0.493659
(6, 14) 0.935113 0.954326 0.492850
(6, 15) 0.938261 0.952630 0.492820
(6, 16) 0.942109 0.945848 0.488299
(6, 17) 0.945236 0.944887 0.487360
(6, 18) 0.951945 0.947125 0.486991
(6, 19) 0.953568 0.947136 0.487079
(6, 20) 0.953723 0.947142 0.487072
(6, 21) 0.956530 0.947805 0.488512
(6, 22) 0.956994 0.946879 0.489770
(6, 23) 0.965735 0.947446 0.488607
(6, 24) 0.972777 0.947720 0.488123
(6, 25) 0.976293 0.945985 0.489579
(6, 26) 0.985184 0.945851 0.488991
(6, 27) 0.988260 0.944414 0.489374
(6, 28) 0.990163 0.945239 0.490148
(6, 29) 0.990923 0.946326 0.490259
(6, 30) 0.991768 0.946444 0.491007
(6, 31) 0.992996 0.946669 0.491614
(6, 32) 0.994088 0.947101 0.492005
(6, 33) 0.994002 0.948199 0.491732
(6, 34) 0.994294 0.948884 0.491277
(6, 35) 0.995232 0.948981 0.491149
(6, 36) 0.996567 0.949361 0.490873
(6, 37) 0.997218 0.950029 0.490951
(6, 38) 0.997138 0.951378 0.491054
(6, 39) 0.997018 0.952396 0.491136
(7, 0) 0.879757 0.968560 0.496695
(7, 1) 0.878071 0.964738 0.495398
(7, 2) 0.881092 0.961220 0.494934
(7, 3) 0.885880 0.958020 0.495442
(7, 4) 0.889230 0.955973 0.494982
(7, 5) 0.891561 0.955028 0.493881
(7, 6) 0.900034 0.955221 0.493683
(7, 7) 0.911465 0.955784 0.493655
(7, 8) 0.917866 0.955279 0.494854
(7, 9) 0.919808 0.954762 0.495016
(7, 10) 0.921661 0.954580 0.494986
(7, 11) 0.927087 0.954862 0.494675
(7, 12) 0.930444 0.954949 0.494705
(7, 13) 0.934326 0.954665 0.494751
(7, 14) 0.937255 0.953321 0.493437
(7, 15) 0.940733 0.951446 0.492791
(7, 16) 0.942817 0.950804 0.491120
(7, 17) 0.946600 0.947646 0.488492
(7, 18) 0.948325 0.948381 0.488519
(7, 19) 0.952772 0.947667 0.487612
(7, 20) 0.954973 0.948790 0.488732
(7, 21) 0.956967 0.949229 0.489110
(7, 22) 0.957981 0.948129 0.489107
(7, 23) 0.962012 0.947816 0.487946
(7, 24) 0.970352 0.948021 0.487345
(7, 25) 0.983165 0.946776 0.487114
(7, 26) 0.985304 0.946491 0.487676
(7, 27) 0.986247 0.946942 0.487065
(7, 28) 0.988466 0.947398 0.488864
(7, 29) 0.990151 0.947973 0.489639
(7, 30) 0.991319 0.947485 0.490765
(7, 31) 0.992817 0.947395 0.491822
(7, 32) 0.993702 0.948253 0.492564
(7, 33) 0.993845 0.948750 0.492116
(7, 34) 0.994173 0.949181 0.491842
(7, 35) 0.994918 0.949300 0.491749
(7, 36) 0.996190 0.949283 0.491779
(7, 37) 0.997414 0.949944 0.491424
(7, 38) 0.997714 0.950886 0.491840
(7, 39) 0.997757 0.952246 0.491488
(8, 0) 0.884036 0.968155 0.498625
(8, 1) 0.885588 0.964806 0.498006
(8, 2) 0.885755 0.959557 0.494937
(8, 3) 0.890700 0.957377 0.495708
(8, 4) 0.892503 0.955949 0.494927
(8, 5) 0.895612 0.955090 0.494618
(8, 6) 0.900322 0.954629 0.494616
(8, 7) 0.906097 0.955475 0.494694
(8, 8) 0.919770 0.955972 0.495496
(8, 9) 0.921173 0.955053 0.495392
(8, 10) 0.923563 0.954693 0.494965
(8, 11) 0.927369 0.954648 0.494792
(8, 12) 0.934806 0.954653 0.494850
(8, 13) 0.935542 0.954462 0.494834
(8, 14) 0.936444 0.954656 0.494724
(8, 15) 0.940144 0.952981 0.492580
(8, 16) 0.943839 0.954572 0.490619
(8, 17) 0.946545 0.952648 0.489574
(8, 18) 0.950755 0.949557 0.489234
(8, 19) 0.953136 0.949025 0.489262
(8, 20) 0.953556 0.948752 0.489073
(8, 21) 0.955161 0.949071 0.489025
(8, 22) 0.954016 0.953573 0.481761
(8, 23) 0.965651 0.948651 0.485798
(8, 24) 0.972145 0.951998 0.478232
(8, 25) 0.978100 0.948983 0.484464
(8, 26) 0.983509 0.947440 0.487581
(8, 27) 0.985457 0.947990 0.487897
(8, 28) 0.985735 0.948935 0.488579
(8, 29) 0.988013 0.948926 0.488499
(8, 30) 0.990005 0.948566 0.490559
(8, 31) 0.992525 0.948729 0.492474
(8, 32) 0.992965 0.949149 0.492979
(8, 33) 0.993565 0.949294 0.492435
(8, 34) 0.994213 0.949833 0.492131
(8, 35) 0.994965 0.949774 0.492181
(8, 36) 0.995966 0.949714 0.492422
(8, 37) 0.997292 0.949883 0.492376
(8, 38) 0.997863 0.950857 0.492613
(8, 39) 0.998259 0.951975 0.492925
(9, 0) 0.887259 0.966888 0.498224
(9, 1) 0.890492 0.965623 0.497278
(9, 2) 0.893233 0.961834 0.495920
(9, 3) 0.895169 0.958133 0.496032
(9, 4) 0.895006 0.956427 0.495462
(9, 5) 0.899067 0.954861 0.495257
(9, 6) 0.902237 0.954749 0.495251
(9, 7) 0.908657 0.955795 0.495575
(9, 8) 0.921142 0.957770 0.496581
(9, 9) 0.923313 0.955465 0.495580
(9, 10) 0.924726 0.954749 0.495045
(9, 11) 0.927459 0.954659 0.494888
(9, 12) 0.937341 0.954637 0.494702
(9, 13) 0.936820 0.954589 0.494714
(9, 14) 0.940454 0.955123 0.494162
(9, 15) 0.943940 0.954859 0.494007
(9, 16) 0.945776 0.955072 0.491285
(9, 17) 0.947048 0.955208 0.490737
(9, 18) 0.949718 0.953323 0.491962
(9, 19) 0.952569 0.950061 0.491491
(9, 20) 0.953565 0.948542 0.489485
(9, 21) 0.954261 0.952574 0.485078
(9, 22) 0.954113 0.954455 0.481706
(9, 23) 0.959992 0.954455 0.480972
(9, 24) 0.971776 0.952930 0.476336
(9, 25) 0.980086 0.948926 0.484641
(9, 26) 0.982558 0.947646 0.487803
(9, 27) 0.983143 0.948296 0.488472
(9, 28) 0.984014 0.948649 0.489389
(9, 29) 0.986753 0.949032 0.489642
(9, 30) 0.989845 0.949290 0.491914
(9, 31) 0.991485 0.949145 0.491957
(9, 32) 0.992794 0.949860 0.492411
(9, 33) 0.993610 0.950298 0.492323
(9, 34) 0.994333 0.950165 0.492488
(9, 35) 0.994884 0.950366 0.492688
(9, 36) 0.995524 0.950232 0.492733
(9, 37) 0.996492 0.950618 0.492789
(9, 38) 0.997759 0.951571 0.493360
(9, 39) 0.998146 0.952230 0.493568
(10, 0) 0.890228 0.967621 0.495364
(10, 1) 0.892469 0.965214 0.494903
(10, 2) 0.897301 0.963188 0.494524
(10, 3) 0.899279 0.960844 0.496384
(10, 4) 0.898615 0.958387 0.496713
(10, 5) 0.900201 0.955840 0.496591
(10, 6) 0.905557 0.955621 0.494898
(10, 7) 0.914824 0.957532 0.495100
(10, 8) 0.923159 0.957956 0.496298
(10, 9) 0.924849 0.956268 0.495964
(10, 10) 0.926026 0.955098 0.495136
(10, 11) 0.934487 0.955281 0.495036
(10, 12) 0.938374 0.954754 0.494697
(10, 13) 0.939892 0.954659 0.494437
(10, 14) 0.942654 0.954844 0.494369
(10, 15) 0.944859 0.954680 0.494567
(10, 16) 0.946330 0.954752 0.493983
(10, 17) 0.948978 0.954729 0.493882
(10, 18) 0.951036 0.953936 0.494165
(10, 19) 0.952338 0.953390 0.494191
(10, 20) 0.953876 0.951934 0.491911
(10, 21) 0.956135 0.954361 0.490016
(10, 22) 0.956950 0.954540 0.485735
(10, 23) 0.960056 0.954455 0.486666
(10, 24) 0.964264 0.954455 0.481481
(10, 25) 0.977607 0.950154 0.488331
(10, 26) 0.982225 0.948082 0.488299
(10, 27) 0.982394 0.948471 0.489377
(10, 28) 0.982684 0.948607 0.490208
(10, 29) 0.984027 0.950113 0.492029
(10, 30) 0.988100 0.950627 0.491896
(10, 31) 0.991864 0.950265 0.491613
(10, 32) 0.993121 0.950587 0.491733
(10, 33) 0.993851 0.951006 0.491535
(10, 34) 0.994446 0.951054 0.492217
(10, 35) 0.994806 0.950849 0.492831
(10, 36) 0.995356 0.950952 0.492778
(10, 37) 0.995939 0.951614 0.492874
(10, 38) 0.996684 0.951922 0.493523
(10, 39) 0.997528 0.952374 0.494025
(11, 0) 0.899185 0.968020 0.498543
(11, 1) 0.896421 0.966822 0.494307
(11, 2) 0.902811 0.963986 0.494827
(11, 3) 0.904147 0.962103 0.496783
(11, 4) 0.905691 0.961346 0.496876
(11, 5) 0.912345 0.959573 0.493455
(11, 6) 0.912789 0.958207 0.492467
(11, 7) 0.922182 0.958345 0.493010
(11, 8) 0.926518 0.958005 0.495489
(11, 9) 0.928790 0.956865 0.495679
(11, 10) 0.932665 0.956142 0.495476
(11, 11) 0.937585 0.955451 0.495132
(11, 12) 0.939152 0.954762 0.494783
(11, 13) 0.940573 0.954481 0.494739
(11, 14) 0.942874 0.954632 0.494589
(11, 15) 0.946172 0.954584 0.494822
(11, 16) 0.947995 0.954577 0.494766
(11, 17) 0.949243 0.954588 0.494738
(11, 18) 0.950781 0.954386 0.494790
(11, 19) 0.953079 0.954348 0.494829
(11, 20) 0.954376 0.954338 0.493930
(11, 21) 0.956929 0.954617 0.491652
(11, 22) 0.958900 0.955238 0.491658
(11, 23) 0.961772 0.954755 0.489475
(11, 24) 0.966147 0.954457 0.489964
(11, 25) 0.968482 0.954473 0.488560
(11, 26) 0.976563 0.951480 0.488454
(11, 27) 0.982089 0.948866 0.489864
(11, 28) 0.982199 0.949990 0.492245
(11, 29) 0.983606 0.951396 0.492328
(11, 30) 0.985035 0.951881 0.492230
(11, 31) 0.989158 0.951823 0.491619
(11, 32) 0.993495 0.951266 0.491289
(11, 33) 0.994308 0.951439 0.491407
(11, 34) 0.994538 0.951694 0.491721
(11, 35) 0.994671 0.951352 0.492465
(11, 36) 0.995073 0.951579 0.492859
(11, 37) 0.995481 0.952110 0.493124
(11, 38) 0.995933 0.952600 0.493717
(11, 39) 0.996472 0.952677 0.494187
(12, 0) 0.902973 0.967592 0.500463
(12, 1) 0.907933 0.967860 0.499255
(12, 2) 0.908578 0.965713 0.495009
(12, 3) 0.909324 0.964144 0.496004
(12, 4) 0.914525 0.963088 0.494773
(12, 5) 0.917885 0.962091 0.493321
(12, 6) 0.922104 0.960243 0.492753
(12, 7) 0.927149 0.958556 0.492127
(12, 8) 0.930566 0.958184 0.493544
(12, 9) 0.934084 0.957633 0.495219
(12, 10) 0.936073 0.957110 0.495857
(12, 11) 0.938442 0.955850 0.495700
(12, 12) 0.940364 0.954722 0.495068
(12, 13) 0.940831 0.954490 0.494814
(12, 14) 0.943549 0.954632 0.494867
(12, 15) 0.946848 0.954616 0.494931
(12, 16) 0.947778 0.954629 0.494934
(12, 17) 0.950340 0.954504 0.494896
(12, 18) 0.952855 0.954519 0.494917
(12, 19) 0.953493 0.954504 0.494890
(12, 20) 0.954268 0.954630 0.494839
(12, 21) 0.957813 0.955261 0.493708
(12, 22) 0.960234 0.956349 0.493170
(12, 23) 0.962868 0.955778 0.492764
(12, 24) 0.966330 0.954839 0.492396
(12, 25) 0.970239 0.954672 0.491335
(12, 26) 0.973406 0.955023 0.491052
(12, 27) 0.975919 0.953824 0.493465
(12, 28) 0.981268 0.951308 0.492766
(12, 29) 0.982386 0.951886 0.492783
(12, 30) 0.984947 0.953180 0.490327
(12, 31) 0.989565 0.954080 0.489686
(12, 32) 0.991857 0.952891 0.490904
(12, 33) 0.993305 0.952232 0.491825
(12, 34) 0.994109 0.952035 0.492225
(12, 35) 0.993987 0.951761 0.492797
(12, 36) 0.994433 0.951512 0.493286
(12, 37) 0.994970 0.951861 0.493607
(12, 38) 0.995523 0.952430 0.493900
(12, 39) 0.996022 0.952485 0.494272
(13, 0) 0.910177 0.965878 0.507068
(13, 1) 0.913688 0.969428 0.499581
(13, 2) 0.913527 0.967440 0.497005
(13, 3) 0.917757 0.965251 0.495563
(13, 4) 0.919014 0.963772 0.495446
(13, 5) 0.922219 0.961854 0.495077
(13, 6) 0.929103 0.961705 0.497566
(13, 7) 0.930253 0.959592 0.493294
(13, 8) 0.935383 0.958901 0.491947
(13, 9) 0.937448 0.957946 0.494689
(13, 10) 0.938385 0.957559 0.496933
(13, 11) 0.939492 0.955867 0.496808
(13, 12) 0.940432 0.954687 0.496203
(13, 13) 0.941715 0.954635 0.495252
(13, 14) 0.946846 0.956228 0.495701
(13, 15) 0.947868 0.955521 0.495018
(13, 16) 0.950831 0.954967 0.495055
(13, 17) 0.951472 0.954574 0.494850
(13, 18) 0.952459 0.954506 0.494866
(13, 19) 0.954165 0.954541 0.494896
(13, 20) 0.957306 0.954644 0.494909
(13, 21) 0.960346 0.954681 0.494800
(13, 22) 0.961138 0.955699 0.494095
(13, 23) 0.966625 0.954646 0.493830
(13, 24) 0.968792 0.954529 0.493549
(13, 25) 0.971633 0.954430 0.494369
(13, 26) 0.973463 0.954428 0.494179
(13, 27) 0.974179 0.954362 0.494691
(13, 28) 0.975928 0.953919 0.494271
(13, 29) 0.983252 0.953743 0.489133
(13, 30) 0.985572 0.956436 0.488646
(13, 31) 0.988097 0.954559 0.488535
(13, 32) 0.989769 0.954033 0.491194
(13, 33) 0.991782 0.953148 0.492653
(13, 34) 0.992733 0.952580 0.492997
(13, 35) 0.993568 0.951818 0.493248
(13, 36) 0.994062 0.951323 0.493710
(13, 37) 0.994562 0.951318 0.493901
(13, 38) 0.995155 0.951815 0.494171
(13, 39) 0.996033 0.951286 0.494609
(14, 0) 0.929201 0.953419 0.536084
(14, 1) 0.926329 0.963315 0.523486
(14, 2) 0.921943 0.966688 0.496141
(14, 3) 0.926150 0.966393 0.496133
(14, 4) 0.923252 0.964836 0.495400
(14, 5) 0.929920 0.963871 0.496836
(14, 6) 0.932369 0.962849 0.498339
(14, 7) 0.939434 0.961908 0.497530
(14, 8) 0.942274 0.958949 0.494551
(14, 9) 0.941656 0.957783 0.495339
(14, 10) 0.941427 0.957578 0.496225
(14, 11) 0.940704 0.956927 0.496784
(14, 12) 0.942648 0.955023 0.496786
(14, 13) 0.946670 0.955123 0.497477
(14, 14) 0.948508 0.956440 0.495795
(14, 15) 0.950613 0.956875 0.495245
(14, 16) 0.951366 0.956185 0.495031
(14, 17) 0.951890 0.954975 0.494894
(14, 18) 0.954805 0.954664 0.494785
(14, 19) 0.957188 0.954388 0.494761
(14, 20) 0.960298 0.954521 0.494807
(14, 21) 0.961076 0.954515 0.494800
(14, 22) 0.962321 0.954419 0.494667
(14, 23) 0.967265 0.954217 0.494353
(14, 24) 0.968926 0.954208 0.494065
(14, 25) 0.972474 0.954356 0.494575
(14, 26) 0.973649 0.954372 0.494523
(14, 27) 0.974392 0.954424 0.494604
(14, 28) 0.974992 0.954574 0.494318
(14, 29) 0.978787 0.956517 0.492578
(14, 30) 0.984151 0.957964 0.489448
(14, 31) 0.986536 0.955746 0.490817
(14, 32) 0.988439 0.954618 0.491313
(14, 33) 0.989885 0.953915 0.492235
(14, 34) 0.991254 0.952922 0.493051
(14, 35) 0.993010 0.951444 0.493527
(14, 36) 0.993906 0.950863 0.493849
(14, 37) 0.994283 0.950652 0.493930
(14, 38) 0.995288 0.950528 0.494651
(14, 39) 0.996247 0.950640 0.494700
(15, 0) 0.942398 0.955980 0.542142
(15, 1) 0.943784 0.958376 0.548923
(15, 2) 0.935621 0.964350 0.519947
(15, 3) 0.932715 0.967081 0.496885
(15, 4) 0.934243 0.966756 0.496109
(15, 5) 0.940550 0.965381 0.495129
(15, 6) 0.941297 0.964157 0.498510
(15, 7) 0.945546 0.961263 0.497993
(15, 8) 0.947470 0.960868 0.497409
(15, 9) 0.946582 0.959122 0.496752
(15, 10) 0.946720 0.958600 0.496748
(15, 11) 0.946800 0.957341 0.496695
(15, 12) 0.947699 0.954985 0.498387
(15, 13) 0.947283 0.954463 0.498325
(15, 14) 0.950688 0.954983 0.497424
(15, 15) 0.952224 0.955913 0.496353
(15, 16) 0.952354 0.955803 0.495228
(15, 17) 0.954236 0.954875 0.494874
(15, 18) 0.956273 0.954486 0.494849
(15, 19) 0.956729 0.954393 0.494786
(15, 20) 0.958944 0.954348 0.494753
(15, 21) 0.962134 0.954466 0.494739
(15, 22) 0.965444 0.954273 0.494613
(15, 23) 0.966727 0.954199 0.494572
(15, 24) 0.969740 0.954341 0.494682
(15, 25) 0.972566 0.954505 0.494899
(15, 26) 0.973855 0.954464 0.494773
(15, 27) 0.974869 0.954454 0.494776
(15, 28) 0.975589 0.954574 0.494540
(15, 29) 0.975913 0.955369 0.493921
(15, 30) 0.982991 0.956485 0.492032
(15, 31) 0.985841 0.954927 0.492146
(15, 32) 0.987163 0.954700 0.491899
(15, 33) 0.988833 0.953794 0.492667
(15, 34) 0.990502 0.952179 0.493331
(15, 35) 0.991951 0.951046 0.493453
(15, 36) 0.993255 0.950312 0.494077
(15, 37) 0.994112 0.950046 0.494256
(15, 38) 0.994235 0.950157 0.494942
(15, 39) 0.995366 0.950445 0.495071
(16, 0) 0.954065 0.954622 0.535863
(16, 1) 0.950305 0.964818 0.540728
(16, 2) 0.948720 0.972689 0.503177
(16, 3) 0.941512 0.968154 0.498357
(16, 4) 0.944033 0.967104 0.496301
(16, 5) 0.946103 0.965883 0.496225
(16, 6) 0.946601 0.965581 0.498304
(16, 7) 0.947376 0.963497 0.499124
(16, 8) 0.951272 0.961672 0.498433
(16, 9) 0.952413 0.961579 0.498451
(16, 10) 0.954947 0.960024 0.497473
(16, 11) 0.954549 0.959500 0.496746
(16, 12) 0.952643 0.958611 0.496507
(16, 13) 0.951155 0.954592 0.498042
(16, 14) 0.953151 0.954455 0.497814
(16, 15) 0.953555 0.954595 0.497905
(16, 16) 0.953500 0.954712 0.497168
(16, 17) 0.956529 0.954492 0.495853
(16, 18) 0.956721 0.954488 0.494889
(16, 19) 0.956958 0.954418 0.494877
(16, 20) 0.958878 0.954469 0.494972
(16, 21) 0.963773 0.954527 0.494822
(16, 22) 0.965417 0.954555 0.494873
(16, 23) 0.967536 0.954389 0.494773
(16, 24) 0.970410 0.954678 0.494869
(16, 25) 0.972171 0.954628 0.494926
(16, 26) 0.974723 0.954878 0.495073
(16, 27) 0.975602 0.954486 0.494781
(16, 28) 0.976112 0.954451 0.494640
(16, 29) 0.978601 0.954793 0.494196
(16, 30) 0.984325 0.955481 0.493198
(16, 31) 0.985232 0.954876 0.493072
(16, 32) 0.986723 0.954372 0.492870
(16, 33) 0.987319 0.953035 0.493185
(16, 34) 0.989661 0.951932 0.493459
(16, 35) 0.991894 0.950668 0.494128
(16, 36) 0.992834 0.950173 0.494628
(16, 37) 0.993666 0.950156 0.494956
(16, 38) 0.994444 0.950568 0.495697
(16, 39) 0.994880 0.950951 0.496458
(17, 0) 0.957193 0.971073 0.528044
(17, 1) 0.958422 0.986794 0.518945
(17, 2) 0.954595 0.978799 0.509869
(17, 3) 0.954800 0.972073 0.503319
(17, 4) 0.952549 0.967729 0.496831
(17, 5) 0.950967 0.965408 0.494367
(17, 6) 0.951778 0.965703 0.496528
(17, 7) 0.954581 0.963484 0.497597
(17, 8) 0.954872 0.962433 0.498972
(17, 9) 0.955978 0.961090 0.498256
(17, 10) 0.956314 0.959829 0.497560
(17, 11) 0.957208 0.959748 0.497255
(17, 12) 0.956268 0.959557 0.495937
(17, 13) 0.954386 0.957015 0.497276
(17, 14) 0.953328 0.954456 0.498839
(17, 15) 0.953697 0.954457 0.498389
(17, 16) 0.955374 0.954409 0.498091
(17, 17) 0.956943 0.954395 0.498038
(17, 18) 0.956945 0.954458 0.495934
(17, 19) 0.957792 0.954673 0.495172
(17, 20) 0.962148 0.955151 0.496405
(17, 21) 0.965170 0.954978 0.495366
(17, 22) 0.966905 0.954878 0.495156
(17, 23) 0.967977 0.954792 0.495028
(17, 24) 0.970180 0.954875 0.494904
(17, 25) 0.973913 0.955167 0.495199
(17, 26) 0.975958 0.955219 0.495261
(17, 27) 0.978841 0.954727 0.495071
(17, 28) 0.979112 0.954455 0.494542
(17, 29) 0.982877 0.954433 0.494159
(17, 30) 0.983858 0.954598 0.493997
(17, 31) 0.984673 0.954348 0.494022
(17, 32) 0.985429 0.953607 0.493608
(17, 33) 0.986129 0.952584 0.493359
(17, 34) 0.988199 0.951832 0.493467
(17, 35) 0.992210 0.950992 0.494746
(17, 36) 0.993152 0.950713 0.495072
(17, 37) 0.994424 0.951622 0.495577
(17, 38) 0.994980 0.951519 0.495857
(17, 39) 0.995575 0.952048 0.496095
(18, 0) 0.980972 0.977113 0.524193
(18, 1) 0.963776 0.991911 0.524700
(18, 2) 0.963928 0.977209 0.510421
(18, 3) 0.960959 0.970965 0.502740
(18, 4) 0.961933 0.968956 0.500364
(18, 5) 0.957801 0.965934 0.495829
(18, 6) 0.959364 0.965801 0.495351
(18, 7) 0.958473 0.963845 0.497642
(18, 8) 0.956838 0.962410 0.498977
(18, 9) 0.957148 0.962009 0.498779
(18, 10) 0.957991 0.960703 0.498085
(18, 11) 0.959100 0.959721 0.497507
(18, 12) 0.959839 0.959744 0.496938
(18, 13) 0.955920 0.957063 0.500768
(18, 14) 0.956824 0.954455 0.503250
(18, 15) 0.953510 0.954456 0.499874
(18, 16) 0.957943 0.954436 0.498977
(18, 17) 0.956951 0.954412 0.498317
(18, 18) 0.957988 0.954870 0.497974
(18, 19) 0.960865 0.956106 0.495801
(18, 20) 0.962944 0.956386 0.496302
(18, 21) 0.965847 0.956534 0.495921
(18, 22) 0.967334 0.955626 0.495516
(18, 23) 0.969230 0.955281 0.495182
(18, 24) 0.973282 0.955618 0.495444
(18, 25) 0.973770 0.955419 0.495416
(18, 26) 0.979388 0.954738 0.495080
(18, 27) 0.982327 0.954453 0.494946
(18, 28) 0.982703 0.954454 0.494868
(18, 29) 0.983502 0.954419 0.494567
(18, 30) 0.984192 0.954303 0.494578
(18, 31) 0.984440 0.954179 0.494415
(18, 32) 0.984826 0.953837 0.494383
(18, 33) 0.985536 0.953127 0.493864
(18, 34) 0.988667 0.952800 0.495040
(18, 35) 0.992463 0.952083 0.495350
(18, 36) 0.993578 0.952149 0.495691
(18, 37) 0.994389 0.952210 0.495604
(18, 38) 0.994983 0.952351 0.495518
(18, 39) 0.995387 0.952490 0.495323
(19, 0) 0.989026 0.968500 0.519508
(19, 1) 0.978704 0.974437 0.520149
(19, 2) 0.968874 0.967893 0.505805
(19, 3) 0.967213 0.971050 0.502482
(19, 4) 0.967581 0.968288 0.499799
(19, 5) 0.966807 0.966034 0.497510
(19, 6) 0.963320 0.965623 0.495574
(19, 7) 0.965448 0.964237 0.495080
(19, 8) 0.958780 0.963209 0.498773
(19, 9) 0.958582 0.962216 0.498882
(19, 10) 0.960457 0.961805 0.498678
(19, 11) 0.960477 0.960342 0.497798
(19, 12) 0.963767 0.959628 0.496765
(19, 13) 0.966067 0.957798 0.499996
(19, 14) 0.971657 0.954482 0.509049
(19, 15) 0.972541 0.954455 0.506828
(19, 16) 0.964042 0.954454 0.500987
(19, 17) 0.957943 0.954436 0.498977
(19, 18) 0.971518 0.954931 0.501400
(19, 19) 0.964900 0.955686 0.496738
(19, 20) 0.970164 0.955507 0.497646
(19, 21) 0.967690 0.957056 0.496216
(19, 22) 0.968550 0.956399 0.495830
(19, 23) 0.973032 0.956208 0.495585
(19, 24) 0.974365 0.956044 0.495726
(19, 25) 0.978840 0.955029 0.495181
(19, 26) 0.981040 0.954479 0.494910
(19, 27) 0.981920 0.954510 0.494946
(19, 28) 0.983326 0.954485 0.494917
(19, 29) 0.983930 0.954455 0.494827
(19, 30) 0.984321 0.954445 0.494769
(19, 31) 0.984613 0.954396 0.494688
(19, 32) 0.984989 0.954225 0.494419
(19, 33) 0.985889 0.954304 0.494099
(19, 34) 0.988763 0.953929 0.494266
(19, 35) 0.991405 0.953214 0.494837
(19, 36) 0.993218 0.952765 0.495467
(19, 37) 0.994113 0.952676 0.495445
(19, 38) 0.994786 0.952701 0.495206
(19, 39) 0.995124 0.952725 0.494996
(20, 0) 0.990428 0.969056 0.518258
(20, 1) 0.993200 0.975032 0.514938
(20, 2) 0.978595 0.973141 0.502273
(20, 3) 0.973934 0.973116 0.499001
(20, 4) 0.972374 0.970661 0.498907
(20, 5) 0.973638 0.967587 0.498959
(20, 6) 0.971975 0.964614 0.494848
(20, 7) 0.971122 0.962158 0.493880
(20, 8) 0.969302 0.961839 0.495700
(20, 9) 0.970942 0.962087 0.499098
(20, 10) 0.963410 0.961924 0.498709
(20, 11) 0.970990 0.960529 0.497953
(20, 12) 0.967101 0.959867 0.497800
(20, 13) 0.975983 0.957051 0.506807
(20, 14) 0.979897 0.954557 0.511181
(20, 15) 0.982193 0.954477 0.510633
(20, 16) 0.973257 0.954455 0.506399
(20, 17) 0.977820 0.951882 0.503518
(20, 18) 0.973181 0.954761 0.501184
(20, 19) 0.972900 0.954512 0.499114
(20, 20) 0.972788 0.954424 0.498368
(20, 21) 0.976442 0.954888 0.497892
(20, 22) 0.973998 0.955957 0.495697
(20, 23) 0.975814 0.956549 0.495409
(20, 24) 0.977842 0.955955 0.495430
(20, 25) 0.981909 0.955343 0.495138
(20, 26) 0.981662 0.954725 0.494936
(20, 27) 0.983322 0.954746 0.495055
(20, 28) 0.983837 0.954576 0.495181
(20, 29) 0.984239 0.954493 0.494984
(20, 30) 0.984712 0.954484 0.494862
(20, 31) 0.984832 0.954459 0.494816
(20, 32) 0.985600 0.954407 0.494504
(20, 33) 0.986325 0.954394 0.494132
(20, 34) 0.988247 0.954187 0.494073
(20, 35) 0.990496 0.953614 0.494218
(20, 36) 0.991947 0.953321 0.494594
(20, 37) 0.993682 0.952935 0.494820
(20, 38) 0.994153 0.952926 0.494806
(20, 39) 0.994577 0.952749 0.494545
(21, 0) 0.994889 0.973909 0.509497
(21, 1) 0.991818 0.980062 0.504690
(21, 2) 0.987835 0.974777 0.503139
(21, 3) 0.980411 0.973561 0.500100
(21, 4) 0.978453 0.970741 0.498804
(21, 5) 0.979532 0.966348 0.496127
(21, 6) 0.977629 0.963701 0.494711
(21, 7) 0.976633 0.961771 0.494610
(21, 8) 0.976904 0.960933 0.497527
(21, 9) 0.975689 0.961672 0.498831
(21, 10) 0.974026 0.961359 0.498530
(21, 11) 0.974805 0.960177 0.498339
(21, 12) 0.974095 0.959744 0.499893
(21, 13) 0.981749 0.957363 0.509808
(21, 14) 0.982992 0.954776 0.511575
(21, 15) 0.983854 0.954529 0.510465
(21, 16) 0.983829 0.953304 0.508212
(21, 17) 0.984098 0.950110 0.504920
(21, 18) 0.980670 0.953759 0.503017
(21, 19) 0.978050 0.955725 0.499187
(21, 20) 0.977626 0.954438 0.498052
(21, 21) 0.982130 0.954455 0.497971
(21, 22) 0.981138 0.954902 0.497263
(21, 23) 0.978762 0.956384 0.495920
(21, 24) 0.981738 0.956062 0.495510
(21, 25) 0.982479 0.955577 0.495242
(21, 26) 0.983427 0.955182 0.494983
(21, 27) 0.984267 0.954888 0.495126
(21, 28) 0.984577 0.954604 0.495421
(21, 29) 0.985147 0.954469 0.494986
(21, 30) 0.985152 0.954487 0.494827
(21, 31) 0.985522 0.954475 0.494793
(21, 32) 0.986499 0.954397 0.494628
(21, 33) 0.986854 0.954557 0.494293
(21, 34) 0.987724 0.954905 0.493977
(21, 35) 0.989674 0.954591 0.493724
(21, 36) 0.991440 0.953984 0.493916
(21, 37) 0.992964 0.953196 0.494207
(21, 38) 0.993577 0.952972 0.494136
(21, 39) 0.993926 0.952838 0.494101
(22, 0) 0.996678 0.972202 0.503275
(22, 1) 0.995585 0.973755 0.503197
(22, 2) 0.992172 0.971008 0.502228
(22, 3) 0.986698 0.971411 0.501144
(22, 4) 0.986536 0.966772 0.497716
(22, 5) 0.983693 0.967416 0.495746
(22, 6) 0.982570 0.963709 0.495713
(22, 7) 0.980216 0.961162 0.495635
(22, 8) 0.982816 0.960839 0.497344
(22, 9) 0.980197 0.961290 0.498651
(22, 10) 0.979778 0.961061 0.498202
(22, 11) 0.980959 0.960066 0.497792
(22, 12) 0.982634 0.959528 0.504525
(22, 13) 0.985937 0.957527 0.512175
(22, 14) 0.985050 0.955072 0.511520
(22, 15) 0.985648 0.954474 0.509165
(22, 16) 0.986149 0.954052 0.506656
(22, 17) 0.984245 0.953360 0.504239
(22, 18) 0.983290 0.955225 0.502419
(22, 19) 0.983098 0.955876 0.500262
(22, 20) 0.983005 0.954673 0.498308
(22, 21) 0.982408 0.954455 0.498099
(22, 22) 0.982620 0.955337 0.497476
(22, 23) 0.982173 0.957400 0.495757
(22, 24) 0.983169 0.956459 0.495498
(22, 25) 0.983815 0.955856 0.495434
(22, 26) 0.984625 0.955331 0.495186
(22, 27) 0.984875 0.954944 0.495202
(22, 28) 0.985558 0.954690 0.495263
(22, 29) 0.986022 0.954517 0.494988
(22, 30) 0.985834 0.954474 0.494807
(22, 31) 0.986537 0.954449 0.494786
(22, 32) 0.986927 0.954438 0.494672
(22, 33) 0.987255 0.954555 0.494488
(22, 34) 0.987963 0.954947 0.493960
(22, 35) 0.989179 0.955216 0.493402
(22, 36) 0.990375 0.954571 0.493466
(22, 37) 0.992316 0.953636 0.493761
(22, 38) 0.993398 0.953372 0.493740
(22, 39) 0.993899 0.953078 0.493793
(23, 0) 0.997240 0.970240 0.502967
(23, 1) 0.995962 0.969072 0.501209
(23, 2) 0.994734 0.968121 0.501446
(23, 3) 0.991463 0.966980 0.500774
(23, 4) 0.988839 0.966162 0.500497
(23, 5) 0.986804 0.965209 0.498041
(23, 6) 0.987669 0.961666 0.498500
(23, 7) 0.984807 0.961628 0.497367
(23, 8) 0.985215 0.961150 0.498082
(23, 9) 0.985767 0.960691 0.498133
(23, 10) 0.985388 0.959998 0.497664
(23, 11) 0.984809 0.960002 0.498042
(23, 12) 0.985244 0.960454 0.500262
(23, 13) 0.989403 0.960116 0.507131
(23, 14) 0.987655 0.956161 0.509697
(23, 15) 0.988187 0.954487 0.506417
(23, 16) 0.987352 0.954336 0.505798
(23, 17) 0.987152 0.954038 0.503891
(23, 18) 0.985496 0.954883 0.501260
(23, 19) 0.983987 0.954925 0.498308
(23, 20) 0.983911 0.954514 0.498030
(23, 21) 0.983344 0.954799 0.497708
(23, 22) 0.984583 0.956835 0.495947
(23, 23) 0.984158 0.957556 0.495391
(23, 24) 0.984416 0.956639 0.495355
(23, 25) 0.985191 0.956057 0.495512
(23, 26) 0.985591 0.955772 0.495478
(23, 27) 0.985726 0.955221 0.495227
(23, 28) 0.986215 0.954901 0.495181
(23, 29) 0.986528 0.954803 0.494929
(23, 30) 0.986782 0.954569 0.494814
(23, 31) 0.987665 0.954435 0.494801
(23, 32) 0.987838 0.954378 0.494707
(23, 33) 0.988020 0.954464 0.494449
(23, 34) 0.988447 0.954575 0.494071
(23, 35) 0.988986 0.954725 0.493500
(23, 36) 0.990463 0.954211 0.493168
(23, 37) 0.992524 0.953791 0.493336
(23, 38) 0.993466 0.953669 0.493373
(23, 39) 0.994015 0.953491 0.493250
(24, 0) 0.998666 0.967850 0.501726
(24, 1) 0.997513 0.967432 0.500873
(24, 2) 0.996128 0.966180 0.500558
(24, 3) 0.995657 0.965270 0.500340
(24, 4) 0.990252 0.965071 0.500346
(24, 5) 0.989332 0.961685 0.498834
(24, 6) 0.988166 0.961455 0.498540
(24, 7) 0.987828 0.961450 0.497681
(24, 8) 0.986145 0.960828 0.497478
(24, 9) 0.986556 0.959811 0.497509
(24, 10) 0.986918 0.959127 0.497154
(24, 11) 0.985663 0.959365 0.497548
(24, 12) 0.989919 0.959350 0.502347
(24, 13) 0.991621 0.959538 0.505550
(24, 14) 0.991406 0.957168 0.504466
(24, 15) 0.990316 0.954648 0.504412
(24, 16) 0.988559 0.954007 0.503610
(24, 17) 0.988256 0.954375 0.501320
(24, 18) 0.988245 0.954489 0.500607
(24, 19) 0.986391 0.954695 0.499486
(24, 20) 0.984786 0.954524 0.498368
(24, 21) 0.985066 0.955669 0.497144
(24, 22) 0.985660 0.957281 0.495781
(24, 23) 0.985414 0.957710 0.495304
(24, 24) 0.985737 0.957103 0.495036
(24, 25) 0.986362 0.956075 0.495272
(24, 26) 0.986619 0.955790 0.495395
(24, 27) 0.986732 0.955449 0.495331
(24, 28) 0.986857 0.955020 0.495170
(24, 29) 0.987158 0.954909 0.494917
(24, 30) 0.987955 0.954633 0.494864
(24, 31) 0.988296 0.954454 0.494804
(24, 32) 0.988546 0.954415 0.494789
(24, 33) 0.989051 0.954452 0.494761
(24, 34) 0.989167 0.954605 0.494413
(24, 35) 0.989531 0.954455 0.493655
(24, 36) 0.990310 0.954330 0.493021
(24, 37) 0.991341 0.954274 0.492906
(24, 38) 0.993555 0.953844 0.492766
(24, 39) 0.994181 0.953673 0.492168
(25, 0) 0.999132 0.966378 0.501506
(25, 1) 0.998315 0.965023 0.500491
(25, 2) 0.997292 0.964404 0.500120
(25, 3) 0.995335 0.964001 0.499998
(25, 4) 0.992826 0.962887 0.499364
(25, 5) 0.991553 0.962521 0.498746
(25, 6) 0.989322 0.961780 0.498169
(25, 7) 0.988496 0.961955 0.494921
(25, 8) 0.988263 0.960653 0.495272
(25, 9) 0.988462 0.959513 0.496951
(25, 10) 0.988313 0.958662 0.497164
(25, 11) 0.989491 0.958393 0.498411
(25, 12) 0.992281 0.957937 0.500821
(25, 13) 0.992852 0.957971 0.502944
(25, 14) 0.991731 0.955505 0.503180
(25, 15) 0.991731 0.954182 0.502685
(25, 16) 0.991099 0.953620 0.501334
(25, 17) 0.989568 0.954158 0.500770
(25, 18) 0.989316 0.954485 0.499764
(25, 19) 0.987087 0.954554 0.498601
(25, 20) 0.986628 0.954479 0.498196
(25, 21) 0.986291 0.955452 0.497130
(25, 22) 0.986915 0.956970 0.495981
(25, 23) 0.986846 0.957097 0.495455
(25, 24) 0.987842 0.956337 0.495151
(25, 25) 0.987572 0.956000 0.494641
(25, 26) 0.987797 0.955666 0.495055
(25, 27) 0.987650 0.955236 0.495314
(25, 28) 0.987763 0.954717 0.495540
(25, 29) 0.987559 0.954805 0.495108
(25, 30) 0.988394 0.954626 0.495017
(25, 31) 0.988744 0.954474 0.494860
(25, 32) 0.989252 0.954433 0.494826
(25, 33) 0.989542 0.954559 0.494784
(25, 34) 0.989657 0.954653 0.494669
(25, 35) 0.989988 0.954643 0.494259
(25, 36) 0.990776 0.954455 0.493232
(25, 37) 0.992051 0.954439 0.492721
(25, 38) 0.992919 0.954407 0.491961
(25, 39) 0.993650 0.954138 0.491738
(26, 0) 0.998629 0.965044 0.503008
(26, 1) 0.998719 0.963900 0.501163
(26, 2) 0.998204 0.963712 0.500239
(26, 3) 0.996851 0.962728 0.499921
(26, 4) 0.993888 0.962357 0.498829
(26, 5) 0.992987 0.962245 0.498240
(26, 6) 0.991844 0.962707 0.496262
(26, 7) 0.990980 0.962605 0.494067
(26, 8) 0.990024 0.960915 0.495444
(26, 9) 0.990477 0.959785 0.496987
(26, 10) 0.990359 0.958857 0.497481
(26, 11) 0.992262 0.957411 0.499714
(26, 12) 0.993489 0.957480 0.500315
(26, 13) 0.993985 0.957158 0.500708
(26, 14) 0.993763 0.955551 0.501728
(26, 15) 0.992705 0.954258 0.501579
(26, 16) 0.992146 0.954238 0.501122
(26, 17) 0.991267 0.954679 0.500239
(26, 18) 0.990980 0.954600 0.499282
(26, 19) 0.989913 0.954455 0.498459
(26, 20) 0.988680 0.954469 0.497806
(26, 21) 0.988807 0.955926 0.497063
(26, 22) 0.988371 0.957114 0.496196
(26, 23) 0.988384 0.956519 0.495792
(26, 24) 0.988539 0.956015 0.495440
(26, 25) 0.988717 0.955630 0.494925
(26, 26) 0.988862 0.955373 0.495103
(26, 27) 0.989273 0.955002 0.495337
(26, 28) 0.989279 0.954576 0.495774
(26, 29) 0.989505 0.954477 0.495577
(26, 30) 0.989918 0.954509 0.495037
(26, 31) 0.990163 0.954436 0.494875
(26, 32) 0.990082 0.954419 0.494825
(26, 33) 0.989916 0.954448 0.494784
(26, 34) 0.990170 0.954577 0.494603
(26, 35) 0.990435 0.954492 0.494371
(26, 36) 0.991014 0.954529 0.493859
(26, 37) 0.991949 0.954455 0.492639
(26, 38) 0.992378 0.954455 0.491540
(26, 39) 0.992882 0.955353 0.490861
(27, 0) 0.996997 0.964770 0.505698
(27, 1) 0.997599 0.963761 0.503490
(27, 2) 0.997654 0.962733 0.501053
(27, 3) 0.996991 0.961779 0.500496
(27, 4) 0.996203 0.961648 0.499226
(27, 5) 0.995000 0.961380 0.498056
(27, 6) 0.994061 0.961247 0.496835
(27, 7) 0.993202 0.961520 0.494862
(27, 8) 0.992864 0.960456 0.495915
(27, 9) 0.991910 0.959665 0.497223
(27, 10) 0.992579 0.958675 0.497964
(27, 11) 0.993349 0.957017 0.498547
(27, 12) 0.993917 0.957035 0.499528
(27, 13) 0.994484 0.956732 0.499939
(27, 14) 0.994371 0.955187 0.499829
(27, 15) 0.993708 0.954232 0.500541
(27, 16) 0.992801 0.954358 0.500025
(27, 17) 0.991791 0.954617 0.499701
(27, 18) 0.991565 0.954365 0.499044
(27, 19) 0.991203 0.954455 0.498290
(27, 20) 0.990775 0.954468 0.497706
(27, 21) 0.990366 0.955733 0.497161
(27, 22) 0.989848 0.957469 0.496321
(27, 23) 0.989648 0.956692 0.495921
(27, 24) 0.989167 0.956106 0.495123
(27, 25) 0.989477 0.955617 0.494725
(27, 26) 0.989698 0.955381 0.495061
(27, 27) 0.990084 0.955002 0.495187
(27, 28) 0.990320 0.954752 0.495400
(27, 29) 0.990730 0.954569 0.495424
(27, 30) 0.990937 0.954481 0.495130
(27, 31) 0.990762 0.954492 0.494917
(27, 32) 0.990714 0.954453 0.494847
(27, 33) 0.990477 0.954406 0.494753
(27, 34) 0.990666 0.954404 0.494642
(27, 35) 0.991105 0.954482 0.494329
(27, 36) 0.991755 0.954558 0.493845
(27, 37) 0.992288 0.954523 0.493593
(27, 38) 0.992330 0.955965 0.491489
(27, 39) 0.992852 0.958029 0.489806
(28, 0) 0.995311 0.963221 0.506670
(28, 1) 0.996366 0.962596 0.504147
(28, 2) 0.997002 0.961325 0.501619
(28, 3) 0.997096 0.961342 0.499885
(28, 4) 0.996844 0.961034 0.498543
(28, 5) 0.996301 0.960831 0.498061
(28, 6) 0.995619 0.960491 0.497595
(28, 7) 0.994951 0.960242 0.496409
(28, 8) 0.993950 0.959741 0.496620
(28, 9) 0.993137 0.959366 0.497135
(28, 10) 0.993188 0.958039 0.497422
(28, 11) 0.993513 0.956437 0.497842
(28, 12) 0.993956 0.956488 0.498323
(28, 13) 0.994362 0.955892 0.499117
(28, 14) 0.994069 0.954879 0.499283
(28, 15) 0.993787 0.954485 0.499317
(28, 16) 0.993409 0.954478 0.499160
(28, 17) 0.992734 0.954346 0.499409
(28, 18) 0.992184 0.953726 0.498792
(28, 19) 0.991943 0.954235 0.497949
(28, 20) 0.991849 0.954474 0.497474
(28, 21) 0.991366 0.956352 0.496973
(28, 22) 0.991014 0.957561 0.496331
(28, 23) 0.990590 0.957096 0.495950
(28, 24) 0.990305 0.956597 0.494914
(28, 25) 0.990018 0.955799 0.494617
(28, 26) 0.990429 0.955488 0.495114
(28, 27) 0.990428 0.955118 0.495108
(28, 28) 0.990834 0.954896 0.495133
(28, 29) 0.991048 0.954653 0.495151
(28, 30) 0.991315 0.954492 0.494974
(28, 31) 0.991186 0.954478 0.494854
(28, 32) 0.991053 0.954447 0.494778
(28, 33) 0.991026 0.954279 0.494729
(28, 34) 0.991329 0.954244 0.494567
(28, 35) 0.991965 0.954353 0.494323
(28, 36) 0.992238 0.954512 0.493917
(28, 37) 0.992703 0.954497 0.493551
(28, 38) 0.993024 0.954930 0.493319
(28, 39) 0.993410 0.956942 0.492035
(29, 0) 0.994862 0.961678 0.505201
(29, 1) 0.995778 0.960983 0.502890
(29, 2) 0.996580 0.960618 0.500855
(29, 3) 0.996978 0.960496 0.499288
(29, 4) 0.997112 0.960677 0.498344
(29, 5) 0.996812 0.960393 0.497938
(29, 6) 0.996117 0.960105 0.497734
(29, 7) 0.995571 0.959730 0.497255
(29, 8) 0.995023 0.959233 0.497176
(29, 9) 0.993989 0.958953 0.497009
(29, 10) 0.994386 0.957657 0.496736
(29, 11) 0.994132 0.956640 0.497211
(29, 12) 0.994980 0.956569 0.497577
(29, 13) 0.994969 0.956094 0.498268
(29, 14) 0.994468 0.954990 0.498705
(29, 15) 0.993975 0.954596 0.498474
(29, 16) 0.993643 0.954560 0.498389
(29, 17) 0.993189 0.953680 0.498371
(29, 18) 0.992951 0.952641 0.497972
(29, 19) 0.992695 0.953805 0.497639
(29, 20) 0.992578 0.954430 0.497258
(29, 21) 0.992522 0.955802 0.496826
(29, 22) 0.992198 0.957644 0.496197
(29, 23) 0.991697 0.957035 0.495933
(29, 24) 0.991213 0.956835 0.495112
(29, 25) 0.991021 0.955862 0.495048
(29, 26) 0.990813 0.955559 0.495242
(29, 27) 0.991107 0.955122 0.495141
(29, 28) 0.991152 0.954901 0.495133
(29, 29) 0.991473 0.954660 0.495032
(29, 30) 0.991651 0.954480 0.494912
(29, 31) 0.991586 0.954472 0.494823
(29, 32) 0.991454 0.954423 0.494734
(29, 33) 0.991719 0.954156 0.494635
(29, 34) 0.992087 0.954113 0.494579
(29, 35) 0.992403 0.954354 0.494362
(29, 36) 0.992950 0.954543 0.494068
(29, 37) 0.993111 0.954574 0.493652
(29, 38) 0.993383 0.955136 0.493433
(29, 39) 0.993654 0.955840 0.493108
(30, 0) 0.995104 0.960136 0.502866
(30, 1) 0.995708 0.960336 0.501324
(30, 2) 0.996048 0.959986 0.499994
(30, 3) 0.996469 0.959963 0.499205
(30, 4) 0.996954 0.959944 0.498371
(30, 5) 0.997073 0.959971 0.497597
(30, 6) 0.996623 0.959701 0.497450
(30, 7) 0.995860 0.959197 0.497136
(30, 8) 0.995429 0.958911 0.496948
(30, 9) 0.994900 0.958292 0.496342
(30, 10) 0.994774 0.957676 0.496328
(30, 11) 0.994940 0.957092 0.496593
(30, 12) 0.995406 0.956759 0.497382
(30, 13) 0.995411 0.956170 0.497720
(30, 14) 0.994886 0.954983 0.498040
(30, 15) 0.994278 0.954596 0.497888
(30, 16) 0.993933 0.954575 0.497656
(30, 17) 0.993576 0.953956 0.497451
(30, 18) 0.993460 0.952955 0.497016
(30, 19) 0.993349 0.953995 0.496849
(30, 20) 0.993012 0.954688 0.496961
(30, 21) 0.993308 0.956400 0.496270
(30, 22) 0.992982 0.957410 0.496038
(30, 23) 0.992625 0.957156 0.495962
(30, 24) 0.992122 0.956477 0.495541
(30, 25) 0.991707 0.955855 0.495326
(30, 26) 0.991466 0.955442 0.495199
(30, 27) 0.991664 0.955026 0.495078
(30, 28) 0.991577 0.954766 0.495249
(30, 29) 0.991849 0.954518 0.495067
(30, 30) 0.991973 0.954488 0.494920
(30, 31) 0.991989 0.954490 0.494805
(30, 32) 0.992018 0.954426 0.494674
(30, 33) 0.992375 0.954142 0.494648
(30, 34) 0.992761 0.954058 0.494575
(30, 35) 0.992987 0.954371 0.494273
(30, 36) 0.993356 0.954525 0.494083
(30, 37) 0.993471 0.954503 0.493821
(30, 38) 0.993614 0.954563 0.493559
(30, 39) 0.994047 0.954820 0.493036
(31, 0) 0.995534 0.959004 0.502115
(31, 1) 0.995467 0.959036 0.501023
(31, 2) 0.995643 0.959093 0.499774
(31, 3) 0.996282 0.959158 0.498913
(31, 4) 0.996843 0.958888 0.498202
(31, 5) 0.997022 0.959386 0.497519
(31, 6) 0.997007 0.959322 0.496803
(31, 7) 0.996609 0.959058 0.496350
(31, 8) 0.995731 0.958779 0.495823
(31, 9) 0.995127 0.958223 0.495337
(31, 10) 0.995008 0.957547 0.495979
(31, 11) 0.994960 0.957074 0.496112
(31, 12) 0.995104 0.956752 0.496421
(31, 13) 0.995143 0.956112 0.496762
(31, 14) 0.994757 0.955020 0.497454
(31, 15) 0.994267 0.954595 0.497392
(31, 16) 0.994084 0.954570 0.497246
(31, 17) 0.994144 0.953958 0.496878
(31, 18) 0.993900 0.953559 0.496367
(31, 19) 0.993947 0.954188 0.496373
(31, 20) 0.993671 0.954996 0.496513
(31, 21) 0.993911 0.956314 0.496092
(31, 22) 0.993538 0.957062 0.496050
(31, 23) 0.993010 0.956746 0.495963
(31, 24) 0.992643 0.956329 0.495781
(31, 25) 0.992247 0.955927 0.495479
(31, 26) 0.992057 0.955400 0.495294
(31, 27) 0.991929 0.954931 0.495231
(31, 28) 0.991869 0.954631 0.495409
(31, 29) 0.992149 0.954413 0.495181
(31, 30) 0.992270 0.954476 0.494883
(31, 31) 0.992409 0.954488 0.494783
(31, 32) 0.992582 0.954443 0.494677
(31, 33) 0.992987 0.954148 0.494685
(31, 34) 0.993275 0.953977 0.494662
(31, 35) 0.993361 0.954151 0.494364
(31, 36) 0.993824 0.954485 0.494033
(31, 37) 0.993922 0.954472 0.493783
(31, 38) 0.994492 0.954487 0.493273
(31, 39) 0.994958 0.954252 0.492617
(32, 0) 0.996223 0.958860 0.501383
(32, 1) 0.995813 0.958256 0.500479
(32, 2) 0.995607 0.958015 0.499530
(32, 3) 0.995990 0.958008 0.498641
(32, 4) 0.996634 0.958301 0.497979
(32, 5) 0.996926 0.958529 0.497082
(32, 6) 0.997220 0.958677 0.496279
(32, 7) 0.997180 0.958591 0.495591
(32, 8) 0.996671 0.958436 0.495302
(32, 9) 0.995869 0.957871 0.495433
(32, 10) 0.995655 0.957389 0.495972
(32, 11) 0.995223 0.956925 0.496069
(32, 12) 0.995084 0.956459 0.495884
(32, 13) 0.995035 0.956171 0.495834
(32, 14) 0.995023 0.955674 0.496042
(32, 15) 0.994664 0.954738 0.496866
(32, 16) 0.994575 0.954396 0.497024
(32, 17) 0.995202 0.953716 0.496716
(32, 18) 0.994479 0.953733 0.496309
(32, 19) 0.994297 0.954348 0.496240
(32, 20) 0.994227 0.955525 0.496106
(32, 21) 0.994203 0.956320 0.495886
(32, 22) 0.993955 0.956668 0.495929
(32, 23) 0.993526 0.956538 0.495708
(32, 24) 0.993024 0.956127 0.495636
(32, 25) 0.992612 0.955770 0.495379
(32, 26) 0.992452 0.955410 0.495313
(32, 27) 0.992324 0.955070 0.495205
(32, 28) 0.992365 0.954579 0.495340
(32, 29) 0.992620 0.954382 0.495052
(32, 30) 0.992665 0.954461 0.494882
(32, 31) 0.992787 0.954483 0.494778
(32, 32) 0.993073 0.954437 0.494675
(32, 33) 0.993291 0.954196 0.494680
(32, 34) 0.993588 0.953978 0.494643
(32, 35) 0.993947 0.954133 0.494358
(32, 36) 0.994293 0.954446 0.493985
(32, 37) 0.994634 0.954568 0.493620
(32, 38) 0.995213 0.954718 0.492991
(32, 39) 0.995500 0.954531 0.492476
(33, 0) 0.996740 0.959157 0.500556
(33, 1) 0.996280 0.958364 0.500085
(33, 2) 0.995744 0.957679 0.499238
(33, 3) 0.995808 0.957609 0.498680
(33, 4) 0.996244 0.957596 0.497808
(33, 5) 0.996724 0.957949 0.496748
(33, 6) 0.997166 0.957902 0.496014
(33, 7) 0.997239 0.957791 0.495557
(33, 8) 0.996737 0.957477 0.495308
(33, 9) 0.996152 0.957377 0.495555
(33, 10) 0.995985 0.956937 0.495859
(33, 11) 0.995647 0.956663 0.495839
(33, 12) 0.995081 0.956273 0.495604
(33, 13) 0.995067 0.955975 0.495593
(33, 14) 0.995286 0.955747 0.495606
(33, 15) 0.995396 0.955287 0.496180
(33, 16) 0.995674 0.954505 0.496616
(33, 17) 0.995919 0.953660 0.496712
(33, 18) 0.995367 0.953752 0.496179
(33, 19) 0.994665 0.954452 0.496087
(33, 20) 0.994349 0.955459 0.495827
(33, 21) 0.994307 0.956063 0.495661
(33, 22) 0.994052 0.956359 0.495508
(33, 23) 0.993662 0.956179 0.495294
(33, 24) 0.993408 0.956020 0.495405
(33, 25) 0.993038 0.955760 0.495286
(33, 26) 0.992723 0.955368 0.495266
(33, 27) 0.992711 0.954985 0.495211
(33, 28) 0.992885 0.954642 0.495179
(33, 29) 0.992976 0.954429 0.495049
(33, 30) 0.993064 0.954447 0.494902
(33, 31) 0.993198 0.954460 0.494773
(33, 32) 0.993295 0.954459 0.494665
(33, 33) 0.993604 0.954273 0.494588
(33, 34) 0.993897 0.953911 0.494624
(33, 35) 0.994212 0.953945 0.494489
(33, 36) 0.994636 0.954392 0.494015
(33, 37) 0.995189 0.954532 0.493548
(33, 38) 0.995649 0.954623 0.492833
(33, 39) 0.996194 0.954496 0.492266
(34, 0) 0.997704 0.959822 0.500072
(34, 1) 0.997219 0.958947 0.499317
(34, 2) 0.997393 0.957750 0.499219
(34, 3) 0.996787 0.957135 0.498221
(34, 4) 0.996730 0.957118 0.497077
(34, 5) 0.996979 0.957238 0.496432
(34, 6) 0.997167 0.957039 0.496117
(34, 7) 0.997215 0.956735 0.495596
(34, 8) 0.997119 0.956339 0.495423
(34, 9) 0.996607 0.956493 0.495488
(34, 10) 0.996289 0.956308 0.495620
(34, 11) 0.995943 0.956415 0.495461
(34, 12) 0.995383 0.956553 0.494992
(34, 13) 0.995244 0.956007 0.495359
(34, 14) 0.995520 0.955744 0.495401
(34, 15) 0.995809 0.955491 0.495736
(34, 16) 0.996027 0.955075 0.496234
(34, 17) 0.996041 0.954190 0.496124
(34, 18) 0.995415 0.954009 0.495571
(34, 19) 0.994999 0.954322 0.495722
(34, 20) 0.994732 0.955151 0.495570
(34, 21) 0.994499 0.955668 0.495484
(34, 22) 0.994277 0.955715 0.495279
(34, 23) 0.993903 0.955922 0.495226
(34, 24) 0.993644 0.955784 0.495350
(34, 25) 0.993294 0.955573 0.495193
(34, 26) 0.993147 0.955177 0.495146
(34, 27) 0.992985 0.954909 0.495165
(34, 28) 0.993098 0.954646 0.495089
(34, 29) 0.993210 0.954486 0.495017
(34, 30) 0.993374 0.954472 0.494892
(34, 31) 0.993514 0.954462 0.494788
(34, 32) 0.993648 0.954460 0.494610
(34, 33) 0.993931 0.954445 0.494466
(34, 34) 0.994169 0.954227 0.494483
(34, 35) 0.994614 0.954054 0.494486
(34, 36) 0.995079 0.954172 0.494112
(34, 37) 0.995332 0.954362 0.493647
(34, 38) 0.996176 0.954382 0.492942
(34, 39) 0.996584 0.954376 0.492378
(35, 0) 0.999056 0.960703 0.499126
(35, 1) 0.998907 0.959547 0.498842
(35, 2) 0.998837 0.957865 0.498760
(35, 3) 0.998989 0.957324 0.498191
(35, 4) 0.998097 0.956980 0.496949
(35, 5) 0.997617 0.956797 0.496364
(35, 6) 0.997537 0.956116 0.496276
(35, 7) 0.997295 0.955366 0.495746
(35, 8) 0.997289 0.955680 0.495250
(35, 9) 0.997300 0.955848 0.495154
(35, 10) 0.996750 0.956125 0.495268
(35, 11) 0.996483 0.956788 0.494732
(35, 12) 0.995716 0.956876 0.494650
(35, 13) 0.995686 0.956436 0.494777
(35, 14) 0.995834 0.955811 0.495132
(35, 15) 0.995912 0.955553 0.495375
(35, 16) 0.995971 0.955100 0.495691
(35, 17) 0.995787 0.954562 0.495475
(35, 18) 0.995600 0.954397 0.495306
(35, 19) 0.995357 0.954819 0.495252
(35, 20) 0.995021 0.955095 0.495288
(35, 21) 0.994732 0.955302 0.495255
(35, 22) 0.994482 0.955394 0.495286
(35, 23) 0.994203 0.955509 0.495270
(35, 24) 0.993963 0.955312 0.495293
(35, 25) 0.993568 0.955150 0.495138
(35, 26) 0.993407 0.954976 0.495148
(35, 27) 0.993268 0.954934 0.495162
(35, 28) 0.993314 0.954667 0.495145
(35, 29) 0.993494 0.954491 0.494987
(35, 30) 0.993668 0.954472 0.494877
(35, 31) 0.993789 0.954467 0.494779
(35, 32) 0.993950 0.954466 0.494623
(35, 33) 0.994191 0.954466 0.494452
(35, 34) 0.994447 0.954366 0.494395
(35, 35) 0.994822 0.954070 0.494435
(35, 36) 0.995328 0.953846 0.494373
(35, 37) 0.995780 0.953934 0.493882
(35, 38) 0.996453 0.954150 0.493317
(35, 39) 0.996857 0.954215 0.492957
(36, 0) 0.999541 0.961803 0.498619
(36, 1) 0.999116 0.961337 0.497921
(36, 2) 0.998885 0.959343 0.497596
(36, 3) 0.999153 0.957678 0.497023
(36, 4) 0.998743 0.957387 0.496625
(36, 5) 0.998383 0.956439 0.496070
(36, 6) 0.997673 0.954938 0.496181
(36, 7) 0.997699 0.954092 0.495437
(36, 8) 0.997626 0.955024 0.495059
(36, 9) 0.997808 0.955666 0.494799
(36, 10) 0.997265 0.956459 0.494677
(36, 11) 0.996936 0.957450 0.494191
(36, 12) 0.996208 0.957584 0.493866
(36, 13) 0.996110 0.956342 0.494394
(36, 14) 0.995977 0.955876 0.494723
(36, 15) 0.995993 0.955602 0.495008
(36, 16) 0.996127 0.955230 0.495219
(36, 17) 0.995886 0.954733 0.495267
(36, 18) 0.995714 0.954828 0.495119
(36, 19) 0.995469 0.954925 0.495094
(36, 20) 0.995155 0.954992 0.495131
(36, 21) 0.994891 0.955070 0.495132
(36, 22) 0.994624 0.955130 0.495180
(36, 23) 0.994319 0.955051 0.495205
(36, 24) 0.994094 0.955029 0.495172
(36, 25) 0.993864 0.954986 0.495147
(36, 26) 0.993617 0.954944 0.495127
(36, 27) 0.993450 0.954836 0.495275
(36, 28) 0.993442 0.954509 0.495450
(36, 29) 0.993715 0.954459 0.495063
(36, 30) 0.993853 0.954466 0.494914
(36, 31) 0.993997 0.954463 0.494816
(36, 32) 0.994156 0.954466 0.494676
(36, 33) 0.994361 0.954470 0.494565
(36, 34) 0.994637 0.954429 0.494491
(36, 35) 0.995272 0.954191 0.494513
(36, 36) 0.995669 0.953964 0.494458
(36, 37) 0.996124 0.954040 0.494257
(36, 38) 0.996661 0.954012 0.493808
(36, 39) 0.997090 0.954041 0.493510
(37, 0) 0.998853 0.963063 0.497400
(37, 1) 0.998528 0.961781 0.497036
(37, 2) 0.998480 0.960798 0.496321
(37, 3) 0.999089 0.959159 0.495708
(37, 4) 0.999166 0.957228 0.495541
(37, 5) 0.999138 0.956201 0.495673
(37, 6) 0.998533 0.954613 0.495420
(37, 7) 0.998112 0.953784 0.494997
(37, 8) 0.998116 0.954555 0.494619
(37, 9) 0.998296 0.955392 0.494371
(37, 10) 0.998008 0.955926 0.494129
(37, 11) 0.997411 0.957389 0.493016
(37, 12) 0.996173 0.957766 0.492807
(37, 13) 0.996334 0.956746 0.493304
(37, 14) 0.996215 0.955774 0.494365
(37, 15) 0.996286 0.955508 0.494808
(37, 16) 0.996363 0.955363 0.495076
(37, 17) 0.996175 0.955032 0.495151
(37, 18) 0.995856 0.954922 0.495072
(37, 19) 0.995655 0.954991 0.495017
(37, 20) 0.995340 0.954955 0.494937
(37, 21) 0.994922 0.954949 0.494929
(37, 22) 0.994645 0.954960 0.495059
(37, 23) 0.994466 0.954937 0.495093
(37, 24) 0.994238 0.954945 0.495092
(37, 25) 0.993960 0.954933 0.495059
(37, 26) 0.993718 0.954893 0.495095
(37, 27) 0.993511 0.954718 0.495466
(37, 28) 0.993500 0.954477 0.495691
(37, 29) 0.993754 0.954463 0.495292
(37, 30) 0.994078 0.954485 0.494931
(37, 31) 0.994225 0.954467 0.494858
(37, 32) 0.994353 0.954473 0.494742
(37, 33) 0.994632 0.954457 0.494618
(37, 34) 0.995017 0.954466 0.494544
(37, 35) 0.995382 0.954422 0.494508
(37, 36) 0.995754 0.954374 0.494449
(37, 37) 0.996154 0.954368 0.494378
(37, 38) 0.996534 0.954275 0.494210
(37, 39) 0.997021 0.954234 0.494136
(38, 0) 0.997707 0.965430 0.495375
(38, 1) 0.997688 0.962966 0.495745
(38, 2) 0.998630 0.960404 0.495104
(38, 3) 0.999414 0.958852 0.494607
(38, 4) 0.999612 0.957713 0.494838
(38, 5) 0.999492 0.956040 0.495316
(38, 6) 0.999296 0.954765 0.495032
(38, 7) 0.998680 0.953941 0.494757
(38, 8) 0.998916 0.954348 0.494124
(38, 9) 0.998921 0.954902 0.493700
(38, 10) 0.998928 0.955504 0.492582
(38, 11) 0.998918 0.956570 0.491919
(38, 12) 0.997425 0.956875 0.492263
(38, 13) 0.996661 0.955724 0.493686
(38, 14) 0.996584 0.955476 0.494134
(38, 15) 0.996630 0.955366 0.494574
(38, 16) 0.996706 0.955188 0.495052
(38, 17) 0.996468 0.955054 0.495097
(38, 18) 0.996165 0.954985 0.494948
(38, 19) 0.995783 0.955020 0.494683
(38, 20) 0.995459 0.955037 0.494405
(38, 21) 0.995096 0.954974 0.494527
(38, 22) 0.994832 0.955128 0.494626
(38, 23) 0.994476 0.955065 0.494796
(38, 24) 0.994197 0.955132 0.494765
(38, 25) 0.993980 0.954982 0.494852
(38, 26) 0.993811 0.954863 0.494964
(38, 27) 0.993825 0.954630 0.495443
(38, 28) 0.993738 0.954455 0.495676
(38, 29) 0.994116 0.954494 0.495243
(38, 30) 0.994287 0.954527 0.494919
(38, 31) 0.994425 0.954496 0.494874
(38, 32) 0.994659 0.954487 0.494799
(38, 33) 0.994850 0.954468 0.494713
(38, 34) 0.995241 0.954474 0.494749
(38, 35) 0.995570 0.954463 0.494652
(38, 36) 0.995897 0.954457 0.494658
(38, 37) 0.996178 0.954424 0.494647
(38, 38) 0.996655 0.954346 0.494653
(38, 39) 0.997010 0.954373 0.494594
(39, 0) 0.996422 0.966027 0.493905
(39, 1) 0.996391 0.963797 0.493850
(39, 2) 0.997603 0.960550 0.493749
(39, 3) 0.998735 0.959147 0.494058
(39, 4) 0.999157 0.957516 0.494602
(39, 5) 0.999583 0.955861 0.495162
(39, 6) 0.999502 0.954891 0.494866
(39, 7) 0.999329 0.954241 0.494289
(39, 8) 0.999298 0.954205 0.493516
(39, 9) 0.999226 0.954323 0.492791
(39, 10) 0.999194 0.954482 0.491830
(39, 11) 0.998929 0.955517 0.491556
(39, 12) 0.997911 0.955682 0.492084
(39, 13) 0.996978 0.955605 0.493375
(39, 14) 0.996843 0.955385 0.494107
(39, 15) 0.996976 0.955164 0.494634
(39, 16) 0.996969 0.955055 0.494991
(39, 17) 0.996620 0.954971 0.495000
(39, 18) 0.996314 0.954948 0.494737
(39, 19) 0.996041 0.955008 0.494442
(39, 20) 0.995730 0.955031 0.494137
(39, 21) 0.995267 0.955146 0.494175
(39, 22) 0.994829 0.955479 0.494162
(39, 23) 0.994427 0.955536 0.494346
(39, 24) 0.994154 0.955483 0.494489
(39, 25) 0.994004 0.955189 0.494711
(39, 26) 0.993890 0.954793 0.494952
(39, 27) 0.994026 0.954603 0.495211
(39, 28) 0.994093 0.954482 0.495465
(39, 29) 0.994273 0.954483 0.495256
(39, 30) 0.994420 0.954531 0.495015
(39, 31) 0.994611 0.954493 0.494904
(39, 32) 0.994791 0.954485 0.494876
(39, 33) 0.995061 0.954472 0.494835
(39, 34) 0.995343 0.954475 0.494862
(39, 35) 0.995595 0.954469 0.494841
(39, 36) 0.995966 0.954461 0.494835
(39, 37) 0.996259 0.954423 0.494861
(39, 38) 0.996544 0.954382 0.494880
(39, 39) 0.996875 0.954402 0.494815
