(0, 0) 0.664735 0.002350 0.001022
(0, 1) 0.683808 0.059255 0.027515
(0, 2) 0.876334 0.642715 0.299064
(0, 3) 0.961161 0.854841 0.414547
(0, 4) 0.967629 0.873543 0.423146
(0, 5) 0.979469 0.906932 0.434475
(0, 6) 0.983843 0.920075 0.438660
(0, 7) 0.986937 0.929465 0.446306
(0, 8) 0.992872 0.947022 0.461415
(0, 9) 0.993941 0.949255 0.463259
(0, 10) 0.994684 0.952054 0.463857
(0, 11) 0.994313 0.954119 0.464215
(0, 12) 0.994245 0.954481 0.466695
(0, 13) 0.995094 0.954429 0.469177
(0, 14) 0.995226 0.955680 0.469643
(0, 15) 0.995549 0.957436 0.468577
(0, 16) 0.996151 0.958399 0.467224
(0, 17) 0.996979 0.959402 0.466330
(0, 18) 0.997554 0.960224 0.464044
(0, 19) 0.996629 0.961645 0.460209
(0, 20) 0.984263 0.962467 0.463445
(0, 21) 0.969817 0.963828 0.471715
(0, 22) 0.970948 0.963887 0.472631
(0, 23) 0.971457 0.963740 0.473512
(0, 24) 0.972111 0.963674 0.473650
(0, 25) 0.972957 0.963657 0.473478
(0, 26) 0.974051 0.963633 0.473577
(0, 27) 0.975199 0.963568 0.473599
(0, 28) 0.976279 0.963617 0.473441
(0, 29) 0.977375 0.963637 0.473470
(0, 30) 0.978122 0.963586 0.473666
(0, 31) 0.979148 0.963457 0.473731
(0, 32) 0.979776 0.963424 0.473790
(0, 33) 0.980492 0.963335 0.473774
(0, 34) 0.981002 0.963340 0.473787
(0, 35) 0.981352 0.963321 0.473717
(0, 36) 0.982353 0.963472 0.473897
(0, 37) 0.982793 0.963490 0.473331
(0, 38) 0.982740 0.963621 0.472721
(0, 39) 0.983573 0.963741 0.472762
(1, 0) 0.672233 0.244180 0.105434
(1, 1) 0.853234 0.594583 0.275623
(1, 2) 0.878599 0.644854 0.300068
(1, 3) 0.925126 0.765638 0.363698
(1, 4) 0.968231 0.876553 0.423820
(1, 5) 0.977412 0.911186 0.446388
(1, 6) 0.985571 0.925856 0.445846
(1, 7) 0.990814 0.939701 0.454885
(1, 8) 0.990552 0.944512 0.462173
(1, 9) 0.993079 0.947657 0.464638
(1, 10) 0.993668 0.950589 0.465205
(1, 11) 0.993384 0.953490 0.466263
(1, 12) 0.993286 0.953887 0.468065
(1, 13) 0.993811 0.954178 0.469519
(1, 14) 0.993823 0.956034 0.469839
(1, 15) 0.993995 0.957216 0.468526
(1, 16) 0.995052 0.957877 0.467343
(1, 17) 0.995867 0.958622 0.466197
(1, 18) 0.996012 0.959679 0.464044
(1, 19) 0.987517 0.962741 0.461484
(1, 20) 0.972477 0.963579 0.468703
(1, 21) 0.968208 0.963568 0.471920
(1, 22) 0.970626 0.963590 0.472517
(1, 23) 0.971186 0.963480 0.473581
(1, 24) 0.971620 0.963534 0.474003
(1, 25) 0.972770 0.963623 0.473912
(1, 26) 0.973803 0.963588 0.474089
(1, 27) 0.974820 0.963589 0.473939
(1, 28) 0.976431 0.963568 0.473966
(1, 29) 0.977539 0.963596 0.473875
(1, 30) 0.978346 0.963567 0.474029
(1, 31) 0.979160 0.963547 0.474041
(1, 32) 0.979892 0.963586 0.474121
(1, 33) 0.980506 0.963561 0.474075
(1, 34) 0.981071 0.963540 0.474074
(1, 35) 0.981748 0.963536 0.473982
(1, 36) 0.982857 0.963568 0.474004
(1, 37) 0.983244 0.963536 0.473987
(1, 38) 0.983990 0.963571 0.473213
(1, 39) 0.984993 0.963686 0.472994
(2, 0) 0.679996 0.481106 0.207782
(2, 1) 0.705226 0.508917 0.223201
(2, 2) 0.883341 0.698569 0.329407
(2, 3) 0.910790 0.757200 0.359948
(2, 4) 0.977406 0.911186 0.446398
(2, 5) 0.981051 0.922731 0.454753
(2, 6) 0.981325 0.926329 0.456057
(2, 7) 0.987347 0.941166 0.461509
(2, 8) 0.988655 0.944812 0.464160
(2, 9) 0.990385 0.946478 0.465418
(2, 10) 0.990843 0.949417 0.466349
(2, 11) 0.990602 0.951391 0.466759
(2, 12) 0.991691 0.953432 0.468271
(2, 13) 0.992189 0.954182 0.469849
(2, 14) 0.992226 0.955687 0.469686
(2, 15) 0.992637 0.956673 0.468644
(2, 16) 0.991284 0.956807 0.466503
(2, 17) 0.993214 0.958038 0.466167
(2, 18) 0.976395 0.962545 0.465652
(2, 19) 0.971314 0.966548 0.466002
(2, 20) 0.965357 0.964308 0.472060
(2, 21) 0.965111 0.963573 0.472830
(2, 22) 0.967874 0.963458 0.472907
(2, 23) 0.970678 0.963394 0.473956
(2, 24) 0.971308 0.963539 0.474069
(2, 25) 0.972136 0.963640 0.474203
(2, 26) 0.973407 0.963572 0.474137
(2, 27) 0.974583 0.963560 0.474390
(2, 28) 0.976820 0.963568 0.474123
(2, 29) 0.977351 0.963652 0.474115
(2, 30) 0.978047 0.963700 0.474202
(2, 31) 0.979132 0.963659 0.474236
(2, 32) 0.979961 0.963824 0.474310
(2, 33) 0.980981 0.963798 0.474300
(2, 34) 0.981303 0.963637 0.474196
(2, 35) 0.981685 0.963602 0.474135
(2, 36) 0.983487 0.963580 0.474075
(2, 37) 0.984560 0.963568 0.474001
(2, 38) 0.985430 0.963568 0.473692
(2, 39) 0.986109 0.963568 0.473411
(3, 0) 0.797047 0.682481 0.329109
(3, 1) 0.874035 0.740303 0.352936
(3, 2) 0.888041 0.754006 0.359679
(3, 3) 0.894305 0.767897 0.367217
(3, 4) 0.966653 0.927173 0.454757
(3, 5) 0.979992 0.925495 0.455136
(3, 6) 0.981687 0.936718 0.459936
(3, 7) 0.979911 0.943530 0.463191
(3, 8) 0.988645 0.945183 0.465284
(3, 9) 0.989408 0.946661 0.467473
(3, 10) 0.989865 0.948753 0.466715
(3, 11) 0.988996 0.951361 0.467125
(3, 12) 0.989378 0.952699 0.467990
(3, 13) 0.989768 0.954051 0.469178
(3, 14) 0.990489 0.955340 0.469711
(3, 15) 0.988321 0.955984 0.467036
(3, 16) 0.986688 0.956231 0.465652
(3, 17) 0.977337 0.958034 0.467352
(3, 18) 0.972800 0.961501 0.467154
(3, 19) 0.968171 0.963802 0.469812
(3, 20) 0.963959 0.963680 0.473497
(3, 21) 0.963066 0.963591 0.473783
(3, 22) 0.967092 0.963474 0.474009
(3, 23) 0.969386 0.963461 0.474020
(3, 24) 0.970638 0.963612 0.474182
(3, 25) 0.971328 0.963782 0.474359
(3, 26) 0.972811 0.963681 0.474658
(3, 27) 0.974313 0.963631 0.475134
(3, 28) 0.975754 0.963878 0.474616
(3, 29) 0.977324 0.963924 0.474428
(3, 30) 0.977822 0.964102 0.474502
(3, 31) 0.979157 0.963906 0.474754
(3, 32) 0.980650 0.964212 0.474577
(3, 33) 0.981132 0.964328 0.474548
(3, 34) 0.981765 0.963939 0.474366
(3, 35) 0.983819 0.963734 0.474377
(3, 36) 0.985146 0.963722 0.474128
(3, 37) 0.985245 0.963625 0.474113
(3, 38) 0.986360 0.963568 0.473921
(3, 39) 0.987195 0.963568 0.473676
(4, 0) 0.913609 0.881510 0.449194
(4, 1) 0.911922 0.871655 0.441945
(4, 2) 0.894139 0.771880 0.369270
(4, 3) 0.955911 0.925397 0.452528
(4, 4) 0.964552 0.928265 0.454920
(4, 5) 0.966707 0.928112 0.455105
(4, 6) 0.975219 0.942501 0.462260
(4, 7) 0.973907 0.945990 0.464534
(4, 8) 0.978177 0.946572 0.467536
(4, 9) 0.988709 0.945559 0.470385
(4, 10) 0.985277 0.949950 0.467427
(4, 11) 0.986488 0.951427 0.464033
(4, 12) 0.987271 0.954403 0.466653
(4, 13) 0.986541 0.955258 0.468696
(4, 14) 0.983579 0.956672 0.470354
(4, 15) 0.979334 0.955669 0.469394
(4, 16) 0.979233 0.955671 0.468029
(4, 17) 0.974657 0.955878 0.469734
(4, 18) 0.970637 0.959154 0.469627
(4, 19) 0.962183 0.961366 0.471830
(4, 20) 0.962049 0.963596 0.473562
(4, 21) 0.960687 0.963537 0.474046
(4, 22) 0.962294 0.963601 0.474111
(4, 23) 0.968265 0.963673 0.474307
(4, 24) 0.969931 0.963590 0.474203
(4, 25) 0.970938 0.963770 0.474496
(4, 26) 0.972834 0.963984 0.475003
(4, 27) 0.973787 0.964229 0.474802
(4, 28) 0.975188 0.964384 0.474616
(4, 29) 0.976555 0.964148 0.474809
(4, 30) 0.978248 0.963867 0.475241
(4, 31) 0.979403 0.963568 0.475804
(4, 32) 0.980322 0.963828 0.475561
(4, 33) 0.982106 0.964324 0.474698
(4, 34) 0.983256 0.964198 0.474633
(4, 35) 0.985126 0.964101 0.474459
(4, 36) 0.985630 0.963935 0.474244
(4, 37) 0.986510 0.963780 0.474147
(4, 38) 0.988002 0.963622 0.474021
(4, 39) 0.988033 0.963568 0.473692
(5, 0) 0.924939 0.896346 0.445444
(5, 1) 0.927569 0.901303 0.446337
(5, 2) 0.944431 0.926445 0.453045
(5, 3) 0.949836 0.926783 0.452564
(5, 4) 0.955904 0.932064 0.455680
(5, 5) 0.965668 0.939960 0.460592
(5, 6) 0.967117 0.948500 0.465901
(5, 7) 0.971211 0.947750 0.465495
(5, 8) 0.970219 0.949956 0.466705
(5, 9) 0.974183 0.951794 0.466564
(5, 10) 0.975458 0.953205 0.461544
(5, 11) 0.980366 0.953726 0.460583
(5, 12) 0.979498 0.956324 0.460146
(5, 13) 0.980179 0.957827 0.466643
(5, 14) 0.973036 0.958778 0.470286
(5, 15) 0.967275 0.959478 0.471800
(5, 16) 0.963179 0.959336 0.471598
(5, 17) 0.968989 0.957531 0.470919
(5, 18) 0.960174 0.960681 0.472634
(5, 19) 0.959602 0.961037 0.472753
(5, 20) 0.957281 0.963276 0.474019
(5, 21) 0.959790 0.963549 0.474305
(5, 22) 0.960725 0.963736 0.474422
(5, 23) 0.963620 0.964001 0.474767
(5, 24) 0.967465 0.963928 0.474459
(5, 25) 0.969732 0.964611 0.474358
(5, 26) 0.972125 0.964551 0.474716
(5, 27) 0.973049 0.964986 0.474602
(5, 28) 0.974014 0.964905 0.474541
(5, 29) 0.975940 0.964682 0.474978
(5, 30) 0.979268 0.964243 0.475427
(5, 31) 0.980017 0.963709 0.475952
(5, 32) 0.980746 0.963788 0.476079
(5, 33) 0.982441 0.964351 0.475776
(5, 34) 0.984908 0.964277 0.474458
(5, 35) 0.986885 0.964266 0.474396
(5, 36) 0.987065 0.964044 0.474212
(5, 37) 0.988507 0.963671 0.474104
(5, 38) 0.989000 0.963568 0.473972
(5, 39) 0.988928 0.963524 0.473618
(6, 0) 0.935547 0.910363 0.441907
(6, 1) 0.937535 0.918498 0.447687
(6, 2) 0.939639 0.926561 0.453739
(6, 3) 0.949027 0.942868 0.459280
(6, 4) 0.953963 0.941067 0.459601
(6, 5) 0.952715 0.950875 0.465709
(6, 6) 0.960170 0.950542 0.466807
(6, 7) 0.960596 0.951702 0.466231
(6, 8) 0.967751 0.953722 0.464789
(6, 9) 0.970396 0.954065 0.462795
(6, 10) 0.971795 0.954145 0.463056
(6, 11) 0.974790 0.953025 0.459929
(6, 12) 0.970367 0.961289 0.460049
(6, 13) 0.971293 0.959658 0.467401
(6, 14) 0.958166 0.962358 0.470916
(6, 15) 0.954875 0.962136 0.472934
(6, 16) 0.950637 0.962685 0.473647
(6, 17) 0.953040 0.962588 0.473310
(6, 18) 0.953023 0.962737 0.473713
(6, 19) 0.952651 0.963258 0.474053
(6, 20) 0.954117 0.963568 0.474262
(6, 21) 0.956475 0.963630 0.474060
(6, 22) 0.957932 0.964086 0.473463
(6, 23) 0.961807 0.964427 0.474306
(6, 24) 0.964398 0.964809 0.474345
(6, 25) 0.967429 0.964992 0.474502
(6, 26) 0.971141 0.965194 0.474780
(6, 27) 0.972445 0.965544 0.475059
(6, 28) 0.974096 0.965807 0.475265
(6, 29) 0.977246 0.965382 0.475125
(6, 30) 0.979125 0.965516 0.475199
(6, 31) 0.980711 0.965739 0.475661
(6, 32) 0.982310 0.964832 0.475735
(6, 33) 0.985209 0.965405 0.475126
(6, 34) 0.986771 0.964771 0.474564
(6, 35) 0.987539 0.964346 0.474386
(6, 36) 0.988307 0.964244 0.474394
(6, 37) 0.989222 0.963695 0.474208
(6, 38) 0.989751 0.963542 0.474010
(6, 39) 0.989886 0.963488 0.473759
(7, 0) 0.936187 0.912137 0.442705
(7, 1) 0.938629 0.921923 0.449472
(7, 2) 0.947930 0.947866 0.461074
(7, 3) 0.950415 0.953418 0.462921
(7, 4) 0.950734 0.952565 0.464156
(7, 5) 0.950331 0.953306 0.466841
(7, 6) 0.951711 0.954087 0.466645
(7, 7) 0.950670 0.956378 0.466359
(7, 8) 0.951064 0.956453 0.466634
(7, 9) 0.958437 0.955159 0.466464
(7, 10) 0.969304 0.955691 0.462900
(7, 11) 0.954796 0.963490 0.458022
(7, 12) 0.956056 0.963549 0.460372
(7, 13) 0.954160 0.963466 0.467448
(7, 14) 0.952439 0.963677 0.470527
(7, 15) 0.951132 0.963074 0.472677
(7, 16) 0.950136 0.963073 0.473715
(7, 17) 0.950335 0.963369 0.473802
(7, 18) 0.950607 0.963475 0.474003
(7, 19) 0.950507 0.963558 0.474163
(7, 20) 0.951915 0.963614 0.474111
(7, 21) 0.953685 0.963950 0.473588
(7, 22) 0.956037 0.964509 0.473504
(7, 23) 0.957602 0.964807 0.474169
(7, 24) 0.961551 0.965049 0.474803
(7, 25) 0.964414 0.965444 0.474579
(7, 26) 0.968863 0.966259 0.475518
(7, 27) 0.971880 0.966946 0.475928
(7, 28) 0.973460 0.967020 0.475909
(7, 29) 0.976225 0.966632 0.475807
(7, 30) 0.979676 0.966637 0.475846
(7, 31) 0.981472 0.966951 0.475996
(7, 32) 0.983277 0.966580 0.475782
(7, 33) 0.985462 0.965692 0.475074
(7, 34) 0.986644 0.965169 0.474389
(7, 35) 0.988362 0.964424 0.474168
(7, 36) 0.989199 0.964342 0.474473
(7, 37) 0.990066 0.963912 0.474277
(7, 38) 0.990453 0.963557 0.474048
(7, 39) 0.990640 0.963489 0.473940
(8, 0) 0.942627 0.949592 0.456378
(8, 1) 0.948028 0.951088 0.461721
(8, 2) 0.949347 0.953327 0.462865
(8, 3) 0.950337 0.953660 0.463152
(8, 4) 0.950481 0.954088 0.463602
(8, 5) 0.950240 0.954059 0.465441
(8, 6) 0.949614 0.955912 0.465771
(8, 7) 0.950484 0.956140 0.466078
(8, 8) 0.950162 0.956082 0.467859
(8, 9) 0.949599 0.955895 0.469817
(8, 10) 0.949476 0.958214 0.465595
(8, 11) 0.949325 0.963568 0.457492
(8, 12) 0.951072 0.963494 0.461751
(8, 13) 0.950719 0.963568 0.468006
(8, 14) 0.951788 0.963648 0.470200
(8, 15) 0.950094 0.963617 0.471919
(8, 16) 0.949518 0.963248 0.473822
(8, 17) 0.949735 0.963573 0.473990
(8, 18) 0.950133 0.963586 0.474064
(8, 19) 0.950294 0.963587 0.474211
(8, 20) 0.950511 0.963781 0.474236
(8, 21) 0.951566 0.963995 0.474032
(8, 22) 0.953226 0.964392 0.474140
(8, 23) 0.956587 0.965392 0.474857
(8, 24) 0.959533 0.965130 0.475283
(8, 25) 0.962775 0.966383 0.475721
(8, 26) 0.967909 0.967220 0.475995
(8, 27) 0.970293 0.967498 0.476088
(8, 28) 0.973064 0.967744 0.476138
(8, 29) 0.976471 0.967311 0.476052
(8, 30) 0.978643 0.967030 0.475970
(8, 31) 0.981828 0.966897 0.475756
(8, 32) 0.984322 0.966872 0.475391
(8, 33) 0.986155 0.966538 0.474767
(8, 34) 0.987990 0.965566 0.473485
(8, 35) 0.989683 0.964677 0.473084
(8, 36) 0.990067 0.964428 0.474064
(8, 37) 0.991064 0.963924 0.474075
(8, 38) 0.991222 0.963664 0.474070
(8, 39) 0.991504 0.963544 0.474084
(9, 0) 0.942884 0.951385 0.456638
(9, 1) 0.947140 0.952660 0.460834
(9, 2) 0.949189 0.953286 0.462833
(9, 3) 0.949548 0.953577 0.463159
(9, 4) 0.950147 0.954354 0.463970
(9, 5) 0.949256 0.955657 0.465121
(9, 6) 0.949218 0.955843 0.465673
(9, 7) 0.947785 0.956624 0.466832
(9, 8) 0.944483 0.956830 0.468562
(9, 9) 0.948495 0.956069 0.469646
(9, 10) 0.942678 0.960168 0.467622
(9, 11) 0.946863 0.963568 0.461024
(9, 12) 0.948046 0.963587 0.463228
(9, 13) 0.946358 0.964944 0.468071
(9, 14) 0.950392 0.963911 0.471128
(9, 15) 0.947069 0.963863 0.473143
(9, 16) 0.949007 0.963554 0.474023
(9, 17) 0.949216 0.963622 0.474125
(9, 18) 0.949603 0.963615 0.474174
(9, 19) 0.949809 0.963678 0.474320
(9, 20) 0.950050 0.964021 0.474461
(9, 21) 0.950582 0.964176 0.474411
(9, 22) 0.951887 0.965058 0.474741
(9, 23) 0.954031 0.965793 0.474879
(9, 24) 0.958143 0.966254 0.475507
(9, 25) 0.961120 0.967202 0.475850
(9, 26) 0.963606 0.967075 0.475974
(9, 27) 0.970911 0.966804 0.475254
(9, 28) 0.976024 0.967027 0.475365
(9, 29) 0.977360 0.966967 0.475649
(9, 30) 0.979644 0.967057 0.474936
(9, 31) 0.983197 0.966571 0.474431
(9, 32) 0.985609 0.967050 0.474449
(9, 33) 0.987563 0.967332 0.474180
(9, 34) 0.989194 0.966120 0.473287
(9, 35) 0.990516 0.964790 0.472712
(9, 36) 0.991275 0.964104 0.473273
(9, 37) 0.991730 0.963702 0.473881
(9, 38) 0.991851 0.963556 0.474033
(9, 39) 0.992266 0.963577 0.474163
(10, 0) 0.934252 0.950599 0.461541
(10, 1) 0.946468 0.952752 0.461726
(10, 2) 0.946816 0.953319 0.462860
(10, 3) 0.948947 0.953664 0.463155
(10, 4) 0.946441 0.955633 0.464662
(10, 5) 0.949305 0.955763 0.464256
(10, 6) 0.946140 0.956488 0.466767
(10, 7) 0.941769 0.958635 0.470017
(10, 8) 0.939098 0.958882 0.469235
(10, 9) 0.940782 0.958947 0.468516
(10, 10) 0.936680 0.962544 0.467905
(10, 11) 0.934938 0.965211 0.467879
(10, 12) 0.940766 0.966678 0.468974
(10, 13) 0.941502 0.967797 0.470764
(10, 14) 0.942513 0.964827 0.472087
(10, 15) 0.944354 0.964234 0.472229
(10, 16) 0.947411 0.963696 0.473444
(10, 17) 0.948864 0.963629 0.474140
(10, 18) 0.948202 0.963576 0.474022
(10, 19) 0.947627 0.963687 0.474358
(10, 20) 0.947812 0.964334 0.474451
(10, 21) 0.949674 0.964613 0.474642
(10, 22) 0.951012 0.965144 0.474669
(10, 23) 0.952873 0.965743 0.474199
(10, 24) 0.955327 0.966449 0.474032
(10, 25) 0.959340 0.967199 0.475288
(10, 26) 0.966799 0.967099 0.473941
(10, 27) 0.975152 0.965823 0.473582
(10, 28) 0.976607 0.965445 0.473587
(10, 29) 0.978756 0.966209 0.473649
(10, 30) 0.980493 0.967343 0.472703
(10, 31) 0.983300 0.966877 0.472200
(10, 32) 0.986357 0.967496 0.473052
(10, 33) 0.989496 0.967932 0.472651
(10, 34) 0.992120 0.966574 0.472455
(10, 35) 0.991609 0.964738 0.472619
(10, 36) 0.992036 0.963937 0.472858
(10, 37) 0.992164 0.963529 0.473363
(10, 38) 0.992472 0.963400 0.473888
(10, 39) 0.992795 0.963511 0.474038
(11, 0) 0.925409 0.949981 0.466435
(11, 1) 0.930196 0.952363 0.464268
(11, 2) 0.941902 0.953673 0.463205
(11, 3) 0.940879 0.955517 0.464608
(11, 4) 0.941967 0.955875 0.465505
(11, 5) 0.943117 0.955806 0.465774
(11, 6) 0.934263 0.955424 0.469303
(11, 7) 0.937763 0.958429 0.469509
(11, 8) 0.935768 0.959529 0.468577
(11, 9) 0.932693 0.961679 0.468483
(11, 10) 0.932544 0.965150 0.468700
(11, 11) 0.932610 0.967948 0.469427
(11, 12) 0.933390 0.968061 0.471083
(11, 13) 0.937906 0.966560 0.472127
(11, 14) 0.939217 0.964428 0.472551
(11, 15) 0.940652 0.964069 0.472147
(11, 16) 0.941956 0.963351 0.472410
(11, 17) 0.946037 0.963131 0.473808
(11, 18) 0.944408 0.963500 0.473665
(11, 19) 0.943978 0.963850 0.474127
(11, 20) 0.945197 0.964380 0.474399
(11, 21) 0.945896 0.964571 0.474528
(11, 22) 0.949553 0.965709 0.473925
(11, 23) 0.953181 0.966321 0.472640
(11, 24) 0.954606 0.967077 0.472050
(11, 25) 0.958456 0.967845 0.473208
(11, 26) 0.967367 0.967984 0.471418
(11, 27) 0.973893 0.966242 0.472401
(11, 28) 0.977749 0.965166 0.472754
(11, 29) 0.979859 0.964853 0.472711
(11, 30) 0.981697 0.965618 0.471391
(11, 31) 0.985280 0.965313 0.469986
(11, 32) 0.989376 0.967123 0.469976
(11, 33) 0.992668 0.967992 0.471416
(11, 34) 0.993317 0.966998 0.471542
(11, 35) 0.993123 0.965505 0.472180
(11, 36) 0.992664 0.963710 0.472493
(11, 37) 0.992884 0.963278 0.472936
(11, 38) 0.993390 0.963273 0.473488
(11, 39) 0.993359 0.963508 0.473789
(12, 0) 0.924186 0.951816 0.464940
(12, 1) 0.923086 0.953730 0.463373
(12, 2) 0.924025 0.954528 0.463425
(12, 3) 0.937479 0.956820 0.464429
(12, 4) 0.927855 0.958740 0.461977
(12, 5) 0.926151 0.958336 0.463967
(12, 6) 0.925211 0.956846 0.468289
(12, 7) 0.922892 0.961510 0.468404
(12, 8) 0.927296 0.962711 0.468601
(12, 9) 0.929398 0.963997 0.468672
(12, 10) 0.929237 0.965135 0.468974
(12, 11) 0.928848 0.967180 0.469782
(12, 12) 0.931920 0.967857 0.471989
(12, 13) 0.936076 0.966755 0.472691
(12, 14) 0.937605 0.964780 0.472609
(12, 15) 0.937875 0.963584 0.472156
(12, 16) 0.937555 0.962605 0.472450
(12, 17) 0.939178 0.961772 0.473738
(12, 18) 0.939289 0.963319 0.474077
(12, 19) 0.941641 0.963640 0.474258
(12, 20) 0.942966 0.964219 0.474327
(12, 21) 0.942913 0.965622 0.474692
(12, 22) 0.942629 0.967143 0.474922
(12, 23) 0.950391 0.967174 0.472259
(12, 24) 0.955630 0.967295 0.470238
(12, 25) 0.961765 0.966594 0.470143
(12, 26) 0.971194 0.966159 0.470384
(12, 27) 0.975529 0.964651 0.471144
(12, 28) 0.979033 0.963771 0.471679
(12, 29) 0.981207 0.963874 0.472120
(12, 30) 0.984080 0.963569 0.471889
(12, 31) 0.988374 0.963883 0.470338
(12, 32) 0.990648 0.963570 0.469681
(12, 33) 0.992274 0.965335 0.468910
(12, 34) 0.993821 0.965545 0.470759
(12, 35) 0.993687 0.964154 0.471462
(12, 36) 0.993236 0.963705 0.472036
(12, 37) 0.993587 0.963616 0.472654
(12, 38) 0.994061 0.963579 0.473190
(12, 39) 0.993773 0.963670 0.473485
(13, 0) 0.902451 0.952528 0.467257
(13, 1) 0.911798 0.953830 0.463297
(13, 2) 0.898207 0.953920 0.463036
(13, 3) 0.909987 0.958163 0.461026
(13, 4) 0.910165 0.962249 0.457464
(13, 5) 0.915274 0.960007 0.462431
(13, 6) 0.919984 0.958366 0.467728
(13, 7) 0.916866 0.961168 0.468194
(13, 8) 0.911917 0.964854 0.468820
(13, 9) 0.919754 0.964609 0.468236
(13, 10) 0.924953 0.965601 0.469314
(13, 11) 0.921623 0.967486 0.469809
(13, 12) 0.924877 0.967271 0.471673
(13, 13) 0.929532 0.966282 0.472429
(13, 14) 0.929820 0.963935 0.472142
(13, 15) 0.935495 0.963603 0.471982
(13, 16) 0.934303 0.963318 0.472676
(13, 17) 0.936118 0.963244 0.473875
(13, 18) 0.936677 0.963573 0.474153
(13, 19) 0.938180 0.963684 0.474208
(13, 20) 0.939206 0.964840 0.474481
(13, 21) 0.941411 0.965981 0.474444
(13, 22) 0.942127 0.967121 0.474928
(13, 23) 0.946823 0.966995 0.474454
(13, 24) 0.956441 0.966013 0.470080
(13, 25) 0.961318 0.964406 0.468830
(13, 26) 0.972240 0.963497 0.470474
(13, 27) 0.977086 0.964000 0.470764
(13, 28) 0.978819 0.963042 0.471500
(13, 29) 0.980907 0.963337 0.471691
(13, 30) 0.987491 0.962592 0.471596
(13, 31) 0.990674 0.963195 0.470672
(13, 32) 0.991665 0.963523 0.469188
(13, 33) 0.992361 0.963755 0.468194
(13, 34) 0.993257 0.963853 0.469050
(13, 35) 0.993962 0.963671 0.470757
(13, 36) 0.993769 0.963597 0.471854
(13, 37) 0.994291 0.963708 0.472551
(13, 38) 0.994692 0.963633 0.472899
(13, 39) 0.994368 0.963756 0.473106
(14, 0) 0.900008 0.952588 0.467497
(14, 1) 0.898114 0.952974 0.463467
(14, 2) 0.898020 0.954626 0.462763
(14, 3) 0.898161 0.955577 0.462502
(14, 4) 0.906278 0.960417 0.459018
(14, 5) 0.905444 0.962285 0.463489
(14, 6) 0.910427 0.960332 0.467179
(14, 7) 0.903263 0.965262 0.468770
(14, 8) 0.905308 0.966035 0.468949
(14, 9) 0.903276 0.966083 0.467765
(14, 10) 0.903926 0.965280 0.468357
(14, 11) 0.914861 0.966607 0.469464
(14, 12) 0.917853 0.965997 0.471513
(14, 13) 0.920888 0.963645 0.472526
(14, 14) 0.922660 0.963647 0.472957
(14, 15) 0.928052 0.963682 0.473119
(14, 16) 0.930378 0.963542 0.473462
(14, 17) 0.932895 0.963692 0.474109
(14, 18) 0.935208 0.963575 0.474086
(14, 19) 0.935033 0.963585 0.474102
(14, 20) 0.936265 0.964314 0.474290
(14, 21) 0.939271 0.965924 0.474876
(14, 22) 0.942089 0.967405 0.475601
(14, 23) 0.943829 0.967285 0.475715
(14, 24) 0.950895 0.966038 0.474287
(14, 25) 0.968720 0.962270 0.470508
(14, 26) 0.972877 0.961323 0.471207
(14, 27) 0.976162 0.961549 0.471421
(14, 28) 0.978968 0.961257 0.472267
(14, 29) 0.983672 0.961293 0.472206
(14, 30) 0.989539 0.960758 0.471707
(14, 31) 0.990941 0.961155 0.471293
(14, 32) 0.991887 0.961976 0.470737
(14, 33) 0.992631 0.962482 0.469175
(14, 34) 0.994105 0.961759 0.469350
(14, 35) 0.994363 0.962866 0.471016
(14, 36) 0.994661 0.962820 0.471373
(14, 37) 0.995175 0.963579 0.472095
(14, 38) 0.995532 0.963799 0.472445
(14, 39) 0.995811 0.964488 0.472284
(15, 0) 0.896006 0.946058 0.457911
(15, 1) 0.897524 0.952918 0.462173
(15, 2) 0.897390 0.953112 0.462406
(15, 3) 0.898029 0.955242 0.462267
(15, 4) 0.890901 0.961355 0.465475
(15, 5) 0.888689 0.964175 0.465971
(15, 6) 0.891779 0.965069 0.467088
(15, 7) 0.891562 0.965986 0.469302
(15, 8) 0.895294 0.965348 0.470225
(15, 9) 0.897123 0.964386 0.469146
(15, 10) 0.896481 0.962749 0.470165
(15, 11) 0.901798 0.964124 0.471001
(15, 12) 0.904548 0.963592 0.473173
(15, 13) 0.917981 0.963657 0.473216
(15, 14) 0.920203 0.963617 0.473439
(15, 15) 0.923066 0.963646 0.473755
(15, 16) 0.926176 0.963509 0.473612
(15, 17) 0.931547 0.963550 0.473927
(15, 18) 0.934022 0.963535 0.474068
(15, 19) 0.934387 0.963519 0.474069
(15, 20) 0.935265 0.964042 0.474265
(15, 21) 0.938519 0.965686 0.474846
(15, 22) 0.939107 0.966215 0.475158
(15, 23) 0.948975 0.965053 0.476426
(15, 24) 0.956468 0.964255 0.474298
(15, 25) 0.963028 0.963027 0.472924
(15, 26) 0.974395 0.960471 0.471615
(15, 27) 0.976809 0.959712 0.471271
(15, 28) 0.979401 0.960146 0.471775
(15, 29) 0.983525 0.960008 0.471456
(15, 30) 0.989705 0.959883 0.470941
(15, 31) 0.991727 0.959848 0.470719
(15, 32) 0.992789 0.960044 0.471007
(15, 33) 0.994057 0.959969 0.470548
(15, 34) 0.994527 0.959914 0.469899
(15, 35) 0.995186 0.961123 0.470234
(15, 36) 0.995725 0.962285 0.470744
(15, 37) 0.995979 0.963480 0.471070
(15, 38) 0.996343 0.964441 0.471729
(15, 39) 0.996618 0.965422 0.471493
(16, 0) 0.874623 0.906950 0.434411
(16, 1) 0.895331 0.946201 0.456944
(16, 2) 0.896775 0.953198 0.462686
(16, 3) 0.891879 0.955730 0.463552
(16, 4) 0.885913 0.963036 0.466480
(16, 5) 0.885404 0.963349 0.466146
(16, 6) 0.885868 0.965653 0.467765
(16, 7) 0.890308 0.965201 0.470808
(16, 8) 0.892029 0.964794 0.471186
(16, 9) 0.892229 0.962477 0.471776
(16, 10) 0.895229 0.963216 0.471644
(16, 11) 0.897405 0.963754 0.473632
(16, 12) 0.898577 0.963490 0.473614
(16, 13) 0.906799 0.963536 0.473279
(16, 14) 0.916584 0.963601 0.473996
(16, 15) 0.921378 0.963833 0.473737
(16, 16) 0.923278 0.963615 0.473716
(16, 17) 0.925097 0.963699 0.473818
(16, 18) 0.933435 0.963579 0.474102
(16, 19) 0.934504 0.963633 0.474168
(16, 20) 0.934682 0.963922 0.474481
(16, 21) 0.937094 0.964625 0.474846
(16, 22) 0.948407 0.963999 0.477616
(16, 23) 0.950433 0.963568 0.478132
(16, 24) 0.952499 0.963796 0.476813
(16, 25) 0.972026 0.962244 0.475348
(16, 26) 0.974561 0.960450 0.472680
(16, 27) 0.976756 0.959816 0.471879
(16, 28) 0.980192 0.960082 0.471923
(16, 29) 0.983909 0.959236 0.471577
(16, 30) 0.990551 0.958046 0.471431
(16, 31) 0.992316 0.959117 0.471496
(16, 32) 0.993664 0.959343 0.471967
(16, 33) 0.994337 0.959260 0.471412
(16, 34) 0.995024 0.959410 0.470346
(16, 35) 0.996217 0.959778 0.470374
(16, 36) 0.996051 0.961834 0.470470
(16, 37) 0.996500 0.963037 0.470256
(16, 38) 0.996610 0.964498 0.469981
(16, 39) 0.997217 0.965399 0.469470
(17, 0) 0.853453 0.898632 0.433272
(17, 1) 0.859659 0.898444 0.436766
(17, 2) 0.888324 0.954168 0.462788
(17, 3) 0.889711 0.954130 0.462127
(17, 4) 0.882156 0.959208 0.468060
(17, 5) 0.882667 0.965330 0.467190
(17, 6) 0.881306 0.966401 0.468431
(17, 7) 0.884232 0.965572 0.470100
(17, 8) 0.889710 0.962701 0.472003
(17, 9) 0.890515 0.962459 0.472726
(17, 10) 0.893054 0.963477 0.473292
(17, 11) 0.896292 0.963916 0.474042
(17, 12) 0.898134 0.963681 0.473961
(17, 13) 0.903433 0.963528 0.474124
(17, 14) 0.913069 0.963285 0.474111
(17, 15) 0.918980 0.963578 0.474063
(17, 16) 0.923161 0.963675 0.474028
(17, 17) 0.923911 0.963852 0.474175
(17, 18) 0.926966 0.964002 0.474046
(17, 19) 0.933724 0.963712 0.474432
(17, 20) 0.935933 0.963969 0.475677
(17, 21) 0.941554 0.963640 0.476708
(17, 22) 0.948554 0.963516 0.478153
(17, 23) 0.950235 0.963557 0.478280
(17, 24) 0.957867 0.963680 0.477860
(17, 25) 0.970351 0.963750 0.477819
(17, 26) 0.972055 0.962246 0.475349
(17, 27) 0.977883 0.961572 0.474576
(17, 28) 0.980475 0.960477 0.472194
(17, 29) 0.987002 0.958882 0.472206
(17, 30) 0.992126 0.957248 0.471370
(17, 31) 0.993301 0.957804 0.471917
(17, 32) 0.994203 0.958484 0.472207
(17, 33) 0.994781 0.958498 0.471789
(17, 34) 0.995756 0.958040 0.470786
(17, 35) 0.996908 0.957849 0.470359
(17, 36) 0.997373 0.960366 0.470388
(17, 37) 0.997452 0.963244 0.469488
(17, 38) 0.997596 0.963542 0.468060
(17, 39) 0.998169 0.964125 0.467356
(18, 0) 0.840410 0.894906 0.432694
(18, 1) 0.850314 0.916628 0.443168
(18, 2) 0.876808 0.955824 0.463705
(18, 3) 0.878001 0.958119 0.467518
(18, 4) 0.878653 0.959884 0.470109
(18, 5) 0.878453 0.959924 0.471056
(18, 6) 0.881104 0.964371 0.470335
(18, 7) 0.884229 0.963549 0.472004
(18, 8) 0.885557 0.963766 0.472531
(18, 9) 0.889368 0.963306 0.473060
(18, 10) 0.891527 0.963857 0.473515
(18, 11) 0.894633 0.963861 0.473979
(18, 12) 0.898787 0.963636 0.474164
(18, 13) 0.899946 0.963722 0.474157
(18, 14) 0.904686 0.963549 0.474115
(18, 15) 0.917791 0.964527 0.473523
(18, 16) 0.922267 0.964126 0.474233
(18, 17) 0.923466 0.964494 0.474465
(18, 18) 0.925385 0.964675 0.474425
(18, 19) 0.930568 0.964428 0.476223
(18, 20) 0.934744 0.963742 0.477279
(18, 21) 0.945592 0.963523 0.477982
(18, 22) 0.949135 0.963525 0.478436
(18, 23) 0.949935 0.963601 0.478946
(18, 24) 0.963980 0.963577 0.479044
(18, 25) 0.970407 0.963650 0.478755
(18, 26) 0.973725 0.963432 0.478443
(18, 27) 0.975780 0.963416 0.478335
(18, 28) 0.981073 0.961200 0.474723
(18, 29) 0.992202 0.958030 0.474044
(18, 30) 0.992953 0.957235 0.472735
(18, 31) 0.994199 0.957437 0.472838
(18, 32) 0.994754 0.957792 0.473003
(18, 33) 0.995770 0.958471 0.472475
(18, 34) 0.995818 0.958877 0.471590
(18, 35) 0.997235 0.958506 0.470987
(18, 36) 0.998369 0.959967 0.470846
(18, 37) 0.998359 0.961614 0.470452
(18, 38) 0.998524 0.963102 0.469251
(18, 39) 0.999330 0.963733 0.468254
(19, 0) 0.839056 0.909301 0.441101
(19, 1) 0.869611 0.950280 0.460735
(19, 2) 0.874218 0.957458 0.465970
(19, 3) 0.873186 0.958528 0.467574
(19, 4) 0.875693 0.959934 0.470011
(19, 5) 0.876114 0.961138 0.473011
(19, 6) 0.877132 0.962198 0.473216
(19, 7) 0.880358 0.963683 0.472416
(19, 8) 0.882205 0.963860 0.472623
(19, 9) 0.884853 0.963831 0.473331
(19, 10) 0.889734 0.963969 0.473693
(19, 11) 0.892514 0.964018 0.474055
(19, 12) 0.894640 0.963968 0.474592
(19, 13) 0.898744 0.964065 0.474362
(19, 14) 0.897544 0.965225 0.474617
(19, 15) 0.908992 0.965743 0.473226
(19, 16) 0.917400 0.964969 0.473973
(19, 17) 0.922580 0.964888 0.474600
(19, 18) 0.922450 0.964320 0.476280
(19, 19) 0.929316 0.963905 0.477164
(19, 20) 0.938571 0.963733 0.477991
(19, 21) 0.947765 0.963635 0.479335
(19, 22) 0.949754 0.963604 0.479194
(19, 23) 0.950547 0.963685 0.479589
(19, 24) 0.954701 0.963654 0.479825
(19, 25) 0.970263 0.963568 0.480533
(19, 26) 0.973436 0.963568 0.481018
(19, 27) 0.976504 0.963480 0.478922
(19, 28) 0.986141 0.959831 0.476144
(19, 29) 0.992924 0.957208 0.474336
(19, 30) 0.993411 0.956875 0.474022
(19, 31) 0.994027 0.957380 0.473571
(19, 32) 0.995171 0.958460 0.473943
(19, 33) 0.995788 0.959157 0.473331
(19, 34) 0.995450 0.959856 0.472359
(19, 35) 0.996098 0.960057 0.471842
(19, 36) 0.997555 0.960097 0.471795
(19, 37) 0.998430 0.961419 0.471840
(19, 38) 0.998918 0.962664 0.471522
(19, 39) 0.999503 0.963964 0.471243
(20, 0) 0.845292 0.933142 0.457288
(20, 1) 0.854186 0.945310 0.462345
(20, 2) 0.870126 0.961232 0.466530
(20, 3) 0.872262 0.960477 0.469655
(20, 4) 0.871543 0.962679 0.472371
(20, 5) 0.873353 0.962495 0.472902
(20, 6) 0.874315 0.963196 0.473292
(20, 7) 0.876664 0.963855 0.472990
(20, 8) 0.879266 0.963888 0.473119
(20, 9) 0.881232 0.963772 0.473705
(20, 10) 0.884007 0.963935 0.473949
(20, 11) 0.889454 0.963970 0.474567
(20, 12) 0.891127 0.964325 0.474998
(20, 13) 0.893237 0.964832 0.474804
(20, 14) 0.895809 0.965552 0.474552
(20, 15) 0.904721 0.965549 0.473960
(20, 16) 0.913000 0.965387 0.473626
(20, 17) 0.917073 0.964664 0.475269
(20, 18) 0.921372 0.963382 0.477923
(20, 19) 0.929051 0.964248 0.477443
(20, 20) 0.942115 0.963866 0.478372
(20, 21) 0.945808 0.963812 0.479067
(20, 22) 0.949440 0.963607 0.479792
(20, 23) 0.951168 0.963657 0.480158
(20, 24) 0.962695 0.963626 0.481652
(20, 25) 0.970616 0.963568 0.482941
(20, 26) 0.973410 0.963568 0.483206
(20, 27) 0.978238 0.963568 0.482173
(20, 28) 0.988934 0.959300 0.477736
(20, 29) 0.993719 0.957534 0.475544
(20, 30) 0.993701 0.957548 0.474959
(20, 31) 0.993921 0.958825 0.474375
(20, 32) 0.994485 0.959203 0.474145
(20, 33) 0.994880 0.959978 0.473389
(20, 34) 0.994900 0.960513 0.472485
(20, 35) 0.995389 0.960760 0.472359
(20, 36) 0.996802 0.961118 0.472639
(20, 37) 0.997984 0.961380 0.472992
(20, 38) 0.998869 0.962257 0.473047
(20, 39) 0.999269 0.963411 0.472352
(21, 0) 0.856167 0.953035 0.466902
(21, 1) 0.864279 0.960519 0.467322
(21, 2) 0.866212 0.962528 0.467759
(21, 3) 0.868488 0.963405 0.472690
(21, 4) 0.869203 0.963568 0.473657
(21, 5) 0.870689 0.963481 0.473787
(21, 6) 0.872336 0.963528 0.473932
(21, 7) 0.873963 0.963733 0.473794
(21, 8) 0.875393 0.963631 0.473845
(21, 9) 0.879788 0.964002 0.474018
(21, 10) 0.882445 0.964096 0.474293
(21, 11) 0.885632 0.964293 0.474486
(21, 12) 0.888823 0.964370 0.474680
(21, 13) 0.890181 0.965296 0.474298
(21, 14) 0.893827 0.965536 0.474669
(21, 15) 0.900081 0.965728 0.474584
(21, 16) 0.911652 0.965192 0.474342
(21, 17) 0.915369 0.965813 0.474973
(21, 18) 0.920058 0.965400 0.476251
(21, 19) 0.923623 0.966550 0.475500
(21, 20) 0.934807 0.964894 0.477139
(21, 21) 0.939351 0.965655 0.478442
(21, 22) 0.948963 0.963730 0.480640
(21, 23) 0.952025 0.963834 0.487003
(21, 24) 0.964480 0.963539 0.485420
(21, 25) 0.975825 0.963567 0.488042
(21, 26) 0.978773 0.963568 0.485158
(21, 27) 0.983827 0.963568 0.483714
(21, 28) 0.989073 0.961248 0.480957
(21, 29) 0.993851 0.958576 0.477232
(21, 30) 0.993797 0.959158 0.475809
(21, 31) 0.993514 0.959804 0.475030
(21, 32) 0.994079 0.960149 0.474580
(21, 33) 0.994662 0.960803 0.473869
(21, 34) 0.994907 0.961173 0.473164
(21, 35) 0.995673 0.961635 0.472725
(21, 36) 0.996427 0.961851 0.472914
(21, 37) 0.997479 0.961791 0.473351
(21, 38) 0.997920 0.962377 0.474070
(21, 39) 0.998686 0.963128 0.473252
(22, 0) 0.859355 0.960928 0.471055
(22, 1) 0.860682 0.960629 0.470670
(22, 2) 0.866457 0.963333 0.472630
(22, 3) 0.868319 0.963521 0.473963
(22, 4) 0.868696 0.963597 0.474046
(22, 5) 0.869290 0.963681 0.474103
(22, 6) 0.870901 0.963772 0.474219
(22, 7) 0.873528 0.963608 0.474090
(22, 8) 0.874375 0.963645 0.474121
(22, 9) 0.875547 0.963692 0.474085
(22, 10) 0.880204 0.963819 0.474307
(22, 11) 0.885291 0.964016 0.474394
(22, 12) 0.887643 0.964548 0.474379
(22, 13) 0.888858 0.965586 0.474115
(22, 14) 0.890538 0.966249 0.474687
(22, 15) 0.893194 0.965836 0.475575
(22, 16) 0.902417 0.965079 0.477324
(22, 17) 0.917332 0.966575 0.475503
(22, 18) 0.920443 0.967262 0.475851
(22, 19) 0.922922 0.967063 0.475782
(22, 20) 0.928464 0.966847 0.476382
(22, 21) 0.938172 0.966286 0.477899
(22, 22) 0.943125 0.965047 0.484199
(22, 23) 0.954566 0.963127 0.491495
(22, 24) 0.972899 0.963743 0.496535
(22, 25) 0.982308 0.964128 0.496118
(22, 26) 0.985020 0.963572 0.491232
(22, 27) 0.987194 0.963887 0.484329
(22, 28) 0.991649 0.962026 0.482541
(22, 29) 0.993194 0.959744 0.478953
(22, 30) 0.993390 0.960099 0.477143
(22, 31) 0.993636 0.960550 0.475355
(22, 32) 0.994206 0.961205 0.475131
(22, 33) 0.994772 0.961327 0.474523
(22, 34) 0.995027 0.961709 0.473969
(22, 35) 0.995451 0.962133 0.473597
(22, 36) 0.996269 0.962380 0.473268
(22, 37) 0.996886 0.962606 0.474205
(22, 38) 0.997383 0.962748 0.474565
(22, 39) 0.997326 0.963353 0.474028
(23, 0) 0.859699 0.962123 0.471820
(23, 1) 0.861508 0.963179 0.472424
(23, 2) 0.862241 0.963369 0.473374
(23, 3) 0.865126 0.963629 0.474026
(23, 4) 0.866623 0.963607 0.474086
(23, 5) 0.867209 0.963839 0.474322
(23, 6) 0.868882 0.963885 0.474575
(23, 7) 0.872333 0.964003 0.474402
(23, 8) 0.874310 0.963849 0.474347
(23, 9) 0.875835 0.963882 0.474654
(23, 10) 0.878352 0.963753 0.474483
(23, 11) 0.879580 0.963949 0.475263
(23, 12) 0.886120 0.965112 0.474464
(23, 13) 0.885861 0.966798 0.474364
(23, 14) 0.888038 0.967025 0.475705
(23, 15) 0.894089 0.965296 0.478218
(23, 16) 0.897691 0.964038 0.479601
(23, 17) 0.904655 0.965216 0.478303
(23, 18) 0.921584 0.968057 0.475316
(23, 19) 0.925571 0.968172 0.475535
(23, 20) 0.931488 0.967714 0.475605
(23, 21) 0.936752 0.966930 0.477192
(23, 22) 0.943635 0.965682 0.480407
(23, 23) 0.962759 0.963026 0.492303
(23, 24) 0.979179 0.963586 0.497009
(23, 25) 0.982871 0.964133 0.497370
(23, 26) 0.986251 0.964447 0.491872
(23, 27) 0.989965 0.964548 0.485444
(23, 28) 0.992055 0.964284 0.483836
(23, 29) 0.992679 0.962196 0.481561
(23, 30) 0.993559 0.962600 0.479152
(23, 31) 0.994022 0.962410 0.476508
(23, 32) 0.994356 0.962277 0.475635
(23, 33) 0.994856 0.962184 0.475111
(23, 34) 0.995037 0.962256 0.474442
(23, 35) 0.995213 0.962844 0.474332
(23, 36) 0.995883 0.963060 0.474110
(23, 37) 0.996210 0.963143 0.474201
(23, 38) 0.996630 0.963366 0.474179
(23, 39) 0.996832 0.963672 0.473608
(24, 0) 0.860302 0.964155 0.471841
(24, 1) 0.860348 0.964632 0.472206
(24, 2) 0.862484 0.963844 0.473858
(24, 3) 0.862599 0.963807 0.474210
(24, 4) 0.862332 0.963719 0.474291
(24, 5) 0.862100 0.963564 0.474391
(24, 6) 0.863126 0.963640 0.474896
(24, 7) 0.868384 0.964022 0.475067
(24, 8) 0.873922 0.964004 0.474880
(24, 9) 0.874186 0.963874 0.475907
(24, 10) 0.877478 0.963811 0.475697
(24, 11) 0.878889 0.964265 0.476610
(24, 12) 0.880251 0.965295 0.475921
(24, 13) 0.882207 0.967093 0.475589
(24, 14) 0.884491 0.967614 0.476136
(24, 15) 0.887848 0.967900 0.477206
(24, 16) 0.898773 0.966525 0.478385
(24, 17) 0.912278 0.969399 0.476017
(24, 18) 0.920094 0.970163 0.473955
(24, 19) 0.925326 0.969931 0.473971
(24, 20) 0.930673 0.969212 0.475138
(24, 21) 0.935470 0.968739 0.475755
(24, 22) 0.938428 0.968095 0.476584
(24, 23) 0.946452 0.966071 0.481459
(24, 24) 0.963715 0.967958 0.488206
(24, 25) 0.984967 0.964801 0.495261
(24, 26) 0.988465 0.965567 0.486904
(24, 27) 0.991328 0.966501 0.484616
(24, 28) 0.993446 0.965363 0.483176
(24, 29) 0.993760 0.963920 0.480652
(24, 30) 0.993969 0.963385 0.478978
(24, 31) 0.994150 0.963649 0.477755
(24, 32) 0.994231 0.963483 0.476486
(24, 33) 0.994773 0.963382 0.476070
(24, 34) 0.994821 0.963229 0.475376
(24, 35) 0.995211 0.963518 0.474935
(24, 36) 0.995607 0.963611 0.474547
(24, 37) 0.995841 0.963542 0.474256
(24, 38) 0.996067 0.963614 0.474069
(24, 39) 0.996331 0.963640 0.473769
(25, 0) 0.851163 0.962120 0.465884
(25, 1) 0.857215 0.966261 0.469938
(25, 2) 0.859993 0.964645 0.472076
(25, 3) 0.861065 0.963896 0.473852
(25, 4) 0.859644 0.963554 0.473848
(25, 5) 0.859096 0.963525 0.473995
(25, 6) 0.858895 0.963519 0.474400
(25, 7) 0.859100 0.963957 0.474621
(25, 8) 0.869876 0.964034 0.475503
(25, 9) 0.872276 0.963980 0.476847
(25, 10) 0.872804 0.964200 0.476323
(25, 11) 0.877285 0.965006 0.476271
(25, 12) 0.877726 0.967057 0.475501
(25, 13) 0.879951 0.967060 0.475842
(25, 14) 0.882833 0.967709 0.476001
(25, 15) 0.892164 0.969502 0.476421
(25, 16) 0.898814 0.970579 0.476358
(25, 17) 0.906765 0.970874 0.475729
(25, 18) 0.917023 0.971188 0.473197
(25, 19) 0.922938 0.971210 0.473299
(25, 20) 0.929905 0.970840 0.473695
(25, 21) 0.936674 0.969426 0.475846
(25, 22) 0.938805 0.969043 0.475451
(25, 23) 0.948188 0.969961 0.478901
(25, 24) 0.952498 0.970885 0.481974
(25, 25) 0.962089 0.968958 0.482184
(25, 26) 0.988801 0.964320 0.482227
(25, 27) 0.990908 0.965674 0.481978
(25, 28) 0.993057 0.965149 0.480874
(25, 29) 0.993069 0.963857 0.479643
(25, 30) 0.993446 0.963585 0.478819
(25, 31) 0.993593 0.963763 0.477410
(25, 32) 0.993840 0.963877 0.476738
(25, 33) 0.994136 0.963880 0.476309
(25, 34) 0.994283 0.963690 0.475701
(25, 35) 0.994599 0.963614 0.475283
(25, 36) 0.995125 0.963623 0.474559
(25, 37) 0.995212 0.963584 0.474151
(25, 38) 0.995552 0.963587 0.474107
(25, 39) 0.995589 0.963568 0.473807
(26, 0) 0.840218 0.954076 0.460493
(26, 1) 0.844491 0.962676 0.466128
(26, 2) 0.844663 0.965829 0.468788
(26, 3) 0.850731 0.964164 0.471392
(26, 4) 0.854802 0.963855 0.473017
(26, 5) 0.857354 0.963699 0.473652
(26, 6) 0.857651 0.963870 0.474262
(26, 7) 0.857961 0.964374 0.474700
(26, 8) 0.859941 0.964784 0.475114
(26, 9) 0.868062 0.965396 0.476038
(26, 10) 0.869960 0.965901 0.475677
(26, 11) 0.873120 0.967445 0.475660
(26, 12) 0.875087 0.967544 0.475589
(26, 13) 0.876898 0.967726 0.475940
(26, 14) 0.883341 0.968555 0.476610
(26, 15) 0.891731 0.970152 0.477152
(26, 16) 0.895986 0.970699 0.477032
(26, 17) 0.905810 0.971272 0.477460
(26, 18) 0.917467 0.972156 0.475434
(26, 19) 0.922060 0.972138 0.475143
(26, 20) 0.929200 0.971333 0.476445
(26, 21) 0.935212 0.970553 0.476880
(26, 22) 0.941882 0.970013 0.477007
(26, 23) 0.950094 0.969026 0.477105
(26, 24) 0.952554 0.970457 0.479007
(26, 25) 0.975271 0.966088 0.479706
(26, 26) 0.989215 0.963568 0.481383
(26, 27) 0.989755 0.964044 0.480957
(26, 28) 0.991848 0.964257 0.480050
(26, 29) 0.992415 0.963699 0.479078
(26, 30) 0.992595 0.963505 0.478057
(26, 31) 0.993114 0.963568 0.477313
(26, 32) 0.993373 0.963734 0.476764
(26, 33) 0.993628 0.963543 0.475907
(26, 34) 0.994003 0.963568 0.475412
(26, 35) 0.994216 0.963583 0.474954
(26, 36) 0.994366 0.963568 0.474279
(26, 37) 0.994714 0.963563 0.474140
(26, 38) 0.994960 0.963546 0.474044
(26, 39) 0.995082 0.963579 0.473829
(27, 0) 0.833116 0.958419 0.463923
(27, 1) 0.827913 0.963275 0.466680
(27, 2) 0.836374 0.965128 0.468630
(27, 3) 0.846272 0.964859 0.471334
(27, 4) 0.851295 0.964053 0.473159
(27, 5) 0.854415 0.963878 0.473956
(27, 6) 0.854970 0.964072 0.474153
(27, 7) 0.855532 0.964520 0.474657
(27, 8) 0.851473 0.965213 0.475711
(27, 9) 0.863197 0.966497 0.475791
(27, 10) 0.864141 0.967266 0.476072
(27, 11) 0.867691 0.968643 0.476562
(27, 12) 0.872748 0.968579 0.476200
(27, 13) 0.874312 0.968816 0.476749
(27, 14) 0.879781 0.971386 0.475714
(27, 15) 0.889301 0.970992 0.477286
(27, 16) 0.894939 0.971537 0.477957
(27, 17) 0.902194 0.973049 0.478390
(27, 18) 0.910762 0.973906 0.477062
(27, 19) 0.919600 0.973602 0.476912
(27, 20) 0.928348 0.973259 0.477572
(27, 21) 0.937725 0.971380 0.478158
(27, 22) 0.943377 0.971045 0.478033
(27, 23) 0.950669 0.970699 0.477937
(27, 24) 0.952812 0.970545 0.477808
(27, 25) 0.952972 0.970351 0.477624
(27, 26) 0.980623 0.965009 0.479501
(27, 27) 0.989319 0.963568 0.480165
(27, 28) 0.990186 0.963743 0.479016
(27, 29) 0.991534 0.963492 0.478154
(27, 30) 0.991906 0.963538 0.477286
(27, 31) 0.992637 0.963515 0.476941
(27, 32) 0.992990 0.963403 0.476146
(27, 33) 0.993128 0.963298 0.475725
(27, 34) 0.993485 0.963471 0.474795
(27, 35) 0.993917 0.963568 0.474335
(27, 36) 0.994154 0.963558 0.474162
(27, 37) 0.994355 0.963546 0.474064
(27, 38) 0.994646 0.963521 0.473926
(27, 39) 0.994897 0.963558 0.473706
(28, 0) 0.818199 0.956757 0.462831
(28, 1) 0.822710 0.961649 0.466299
(28, 2) 0.820515 0.962663 0.468134
(28, 3) 0.831070 0.964078 0.470468
(28, 4) 0.833490 0.963159 0.473391
(28, 5) 0.846934 0.963748 0.473724
(28, 6) 0.843662 0.963961 0.473743
(28, 7) 0.845599 0.964656 0.475016
(28, 8) 0.842095 0.964540 0.475808
(28, 9) 0.848843 0.965664 0.475617
(28, 10) 0.857640 0.968134 0.476517
(28, 11) 0.859985 0.968956 0.476836
(28, 12) 0.865988 0.968763 0.476773
(28, 13) 0.870181 0.971862 0.474469
(28, 14) 0.878258 0.971735 0.474604
(28, 15) 0.884753 0.972162 0.476684
(28, 16) 0.893841 0.973161 0.478519
(28, 17) 0.901381 0.973747 0.478845
(28, 18) 0.906684 0.974643 0.478107
(28, 19) 0.915067 0.975436 0.478723
(28, 20) 0.925803 0.974549 0.479224
(28, 21) 0.932814 0.973801 0.479237
(28, 22) 0.946663 0.971736 0.478473
(28, 23) 0.951856 0.971196 0.478199
(28, 24) 0.952381 0.970871 0.478027
(28, 25) 0.965913 0.968933 0.477548
(28, 26) 0.986485 0.963681 0.478400
(28, 27) 0.988034 0.963593 0.478728
(28, 28) 0.989210 0.963568 0.478019
(28, 29) 0.990380 0.963664 0.477133
(28, 30) 0.991458 0.963630 0.476722
(28, 31) 0.991630 0.963940 0.475432
(28, 32) 0.992423 0.963835 0.475318
(28, 33) 0.993015 0.963561 0.474610
(28, 34) 0.993380 0.963613 0.474246
(28, 35) 0.993605 0.963606 0.474167
(28, 36) 0.993950 0.963561 0.474072
(28, 37) 0.994177 0.963565 0.473948
(28, 38) 0.994389 0.963544 0.473843
(28, 39) 0.994669 0.963581 0.473729
(29, 0) 0.806770 0.954107 0.460843
(29, 1) 0.809905 0.959385 0.467859
(29, 2) 0.809595 0.962921 0.470527
(29, 3) 0.807967 0.962630 0.471936
(29, 4) 0.806413 0.961764 0.472017
(29, 5) 0.816295 0.962174 0.472983
(29, 6) 0.818819 0.963391 0.473419
(29, 7) 0.823147 0.963560 0.473584
(29, 8) 0.834660 0.964253 0.474905
(29, 9) 0.821083 0.963776 0.473806
(29, 10) 0.847007 0.967999 0.475739
(29, 11) 0.850561 0.969541 0.476158
(29, 12) 0.856234 0.972513 0.474229
(29, 13) 0.866036 0.974502 0.474565
(29, 14) 0.874643 0.973687 0.475944
(29, 15) 0.882379 0.974078 0.478192
(29, 16) 0.887711 0.974402 0.478868
(29, 17) 0.896511 0.975436 0.478418
(29, 18) 0.910532 0.976565 0.477317
(29, 19) 0.917660 0.977468 0.479012
(29, 20) 0.927606 0.976961 0.479539
(29, 21) 0.936711 0.975198 0.479391
(29, 22) 0.946123 0.973861 0.479249
(29, 23) 0.950905 0.972184 0.478785
(29, 24) 0.962283 0.970357 0.477589
(29, 25) 0.975539 0.969189 0.476896
(29, 26) 0.979455 0.967647 0.477326
(29, 27) 0.984312 0.966917 0.477145
(29, 28) 0.988376 0.964721 0.477228
(29, 29) 0.989157 0.966253 0.475869
(29, 30) 0.991068 0.964567 0.475173
(29, 31) 0.991618 0.964394 0.474668
(29, 32) 0.991964 0.964333 0.474522
(29, 33) 0.992526 0.964347 0.474451
(29, 34) 0.993201 0.963949 0.474216
(29, 35) 0.993532 0.963923 0.474193
(29, 36) 0.993819 0.963918 0.474209
(29, 37) 0.994147 0.963943 0.474093
(29, 38) 0.994412 0.963878 0.474174
(29, 39) 0.994701 0.963914 0.474187
(30, 0) 0.799013 0.959913 0.466006
(30, 1) 0.797155 0.961940 0.470113
(30, 2) 0.800927 0.962633 0.471956
(30, 3) 0.801358 0.963002 0.472458
(30, 4) 0.803561 0.962081 0.472094
(30, 5) 0.805396 0.963073 0.473352
(30, 6) 0.811164 0.963420 0.473859
(30, 7) 0.810441 0.963655 0.473770
(30, 8) 0.817531 0.963450 0.473967
(30, 9) 0.819446 0.963423 0.473826
(30, 10) 0.824454 0.964562 0.474097
(30, 11) 0.845318 0.970361 0.474090
(30, 12) 0.850009 0.972694 0.473996
(30, 13) 0.857848 0.974962 0.474021
(30, 14) 0.871780 0.975919 0.477177
(30, 15) 0.878518 0.975892 0.478391
(30, 16) 0.884075 0.976490 0.477835
(30, 17) 0.886829 0.979304 0.477697
(30, 18) 0.905307 0.978677 0.479852
(30, 19) 0.922847 0.978093 0.480909
(30, 20) 0.931298 0.976225 0.481587
(30, 21) 0.940769 0.974944 0.479988
(30, 22) 0.948913 0.974011 0.479729
(30, 23) 0.951710 0.973404 0.479410
(30, 24) 0.959785 0.972500 0.479056
(30, 25) 0.977264 0.969370 0.476442
(30, 26) 0.979975 0.969186 0.476885
(30, 27) 0.982433 0.968774 0.476504
(30, 28) 0.986816 0.967838 0.475787
(30, 29) 0.989286 0.966989 0.475845
(30, 30) 0.990448 0.966124 0.475278
(30, 31) 0.991532 0.965266 0.474843
(30, 32) 0.992117 0.964895 0.474640
(30, 33) 0.992680 0.964918 0.474455
(30, 34) 0.993220 0.964633 0.474574
(30, 35) 0.993673 0.964462 0.474533
(30, 36) 0.993899 0.964296 0.474458
(30, 37) 0.994127 0.964281 0.474365
(30, 38) 0.994444 0.964218 0.474446
(30, 39) 0.994826 0.964190 0.474485
(31, 0) 0.792898 0.963763 0.467395
(31, 1) 0.795068 0.962946 0.470222
(31, 2) 0.796145 0.963771 0.472760
(31, 3) 0.797021 0.963686 0.473577
(31, 4) 0.799672 0.963362 0.473516
(31, 5) 0.802173 0.963637 0.474215
(31, 6) 0.806374 0.963740 0.473970
(31, 7) 0.808654 0.963629 0.473955
(31, 8) 0.808973 0.964331 0.474635
(31, 9) 0.818445 0.963786 0.474540
(31, 10) 0.827437 0.966351 0.474493
(31, 11) 0.839516 0.968738 0.473179
(31, 12) 0.843750 0.971973 0.471413
(31, 13) 0.860476 0.977058 0.476090
(31, 14) 0.868712 0.976882 0.478195
(31, 15) 0.873975 0.976758 0.478792
(31, 16) 0.878652 0.977527 0.480432
(31, 17) 0.895867 0.978695 0.481221
(31, 18) 0.902148 0.978941 0.482434
(31, 19) 0.916438 0.977337 0.483212
(31, 20) 0.929938 0.975697 0.484012
(31, 21) 0.943319 0.974443 0.481198
(31, 22) 0.952548 0.973791 0.479670
(31, 23) 0.953169 0.973617 0.479622
(31, 24) 0.964605 0.971831 0.477075
(31, 25) 0.977731 0.970450 0.475449
(31, 26) 0.980350 0.969675 0.475848
(31, 27) 0.984664 0.969404 0.475980
(31, 28) 0.987927 0.968252 0.476040
(31, 29) 0.990017 0.967694 0.476201
(31, 30) 0.991068 0.966780 0.475571
(31, 31) 0.991939 0.966213 0.475208
(31, 32) 0.992475 0.965838 0.474902
(31, 33) 0.993034 0.965439 0.474697
(31, 34) 0.993485 0.965089 0.474718
(31, 35) 0.993831 0.964877 0.474798
(31, 36) 0.993919 0.964684 0.474536
(31, 37) 0.994308 0.964686 0.474040
(31, 38) 0.994751 0.964287 0.474315
(31, 39) 0.995118 0.964229 0.474376
(32, 0) 0.778832 0.967219 0.469814
(32, 1) 0.789606 0.964979 0.472015
(32, 2) 0.794640 0.964373 0.474010
(32, 3) 0.794727 0.964037 0.473998
(32, 4) 0.796359 0.963737 0.474265
(32, 5) 0.799011 0.963797 0.474276
(32, 6) 0.800840 0.964537 0.474533
(32, 7) 0.806570 0.964861 0.474500
(32, 8) 0.808453 0.965871 0.476319
(32, 9) 0.814103 0.965999 0.476244
(32, 10) 0.820049 0.966061 0.475442
(32, 11) 0.829597 0.968573 0.472926
(32, 12) 0.835848 0.974403 0.468245
(32, 13) 0.847845 0.977847 0.476020
(32, 14) 0.861357 0.976148 0.479252
(32, 15) 0.870748 0.976735 0.480716
(32, 16) 0.880787 0.977593 0.481667
(32, 17) 0.892124 0.978090 0.481725
(32, 18) 0.899680 0.978316 0.482053
(32, 19) 0.907210 0.987725 0.480639
(32, 20) 0.932383 0.974927 0.484233
(32, 21) 0.953686 0.974880 0.479480
(32, 22) 0.953641 0.973985 0.479836
(32, 23) 0.956698 0.973814 0.479231
(32, 24) 0.971012 0.972862 0.477220
(32, 25) 0.977467 0.971458 0.475668
(32, 26) 0.981078 0.971548 0.475532
(32, 27) 0.986106 0.970681 0.476461
(32, 28) 0.989705 0.969348 0.476699
(32, 29) 0.990642 0.968292 0.476593
(32, 30) 0.991557 0.967669 0.475834
(32, 31) 0.992556 0.966910 0.475659
(32, 32) 0.993059 0.966346 0.475504
(32, 33) 0.993417 0.966007 0.475182
(32, 34) 0.993918 0.965621 0.474988
(32, 35) 0.994231 0.965218 0.474891
(32, 36) 0.994440 0.965062 0.474456
(32, 37) 0.994632 0.965054 0.473891
(32, 38) 0.995022 0.964613 0.473911
(32, 39) 0.995287 0.964231 0.474224
(33, 0) 0.769815 0.968303 0.471675
(33, 1) 0.772987 0.967573 0.471815
(33, 2) 0.787426 0.964729 0.473254
(33, 3) 0.791980 0.964243 0.473812
(33, 4) 0.794022 0.963953 0.474120
(33, 5) 0.787658 0.965111 0.474538
(33, 6) 0.799454 0.966383 0.475255
(33, 7) 0.800153 0.966674 0.475960
(33, 8) 0.805852 0.966814 0.475878
(33, 9) 0.810387 0.967064 0.475949
(33, 10) 0.819040 0.967299 0.475584
(33, 11) 0.831144 0.970752 0.474499
(33, 12) 0.839682 0.975848 0.474712
(33, 13) 0.845195 0.976110 0.480269
(33, 14) 0.851223 0.976056 0.479922
(33, 15) 0.859560 0.975839 0.480711
(33, 16) 0.886304 0.973531 0.487778
(33, 17) 0.892803 0.978793 0.482004
(33, 18) 0.902418 0.986543 0.482810
(33, 19) 0.910546 0.992739 0.480022
(33, 20) 0.931339 0.990611 0.482708
(33, 21) 0.953796 0.978860 0.478069
(33, 22) 0.956790 0.975265 0.478928
(33, 23) 0.963156 0.974679 0.479217
(33, 24) 0.971035 0.974928 0.479568
(33, 25) 0.976982 0.972846 0.477893
(33, 26) 0.986572 0.972459 0.476048
(33, 27) 0.988939 0.970701 0.476931
(33, 28) 0.990385 0.970210 0.476835
(33, 29) 0.991192 0.969207 0.476029
(33, 30) 0.992646 0.968323 0.475191
(33, 31) 0.993113 0.967530 0.475806
(33, 32) 0.993507 0.967025 0.475918
(33, 33) 0.993866 0.966539 0.475560
(33, 34) 0.994374 0.966203 0.475096
(33, 35) 0.994555 0.965577 0.474929
(33, 36) 0.994772 0.965135 0.474841
(33, 37) 0.994857 0.965075 0.474141
(33, 38) 0.995298 0.964870 0.473798
(33, 39) 0.995496 0.964412 0.473935
(34, 0) 0.756773 0.968547 0.469942
(34, 1) 0.757959 0.966813 0.468321
(34, 2) 0.757677 0.960952 0.470228
(34, 3) 0.783045 0.964389 0.472870
(34, 4) 0.768537 0.964628 0.474039
(34, 5) 0.773964 0.965699 0.474189
(34, 6) 0.785017 0.966127 0.474857
(34, 7) 0.798082 0.967074 0.475946
(34, 8) 0.801152 0.967051 0.475387
(34, 9) 0.807338 0.967677 0.474661
(34, 10) 0.817909 0.970195 0.474697
(34, 11) 0.829646 0.971603 0.476926
(34, 12) 0.837218 0.971867 0.479723
(34, 13) 0.845292 0.973115 0.483626
(34, 14) 0.848802 0.972959 0.482112
(34, 15) 0.870560 0.972537 0.512236
(34, 16) 0.887251 0.964395 0.498606
(34, 17) 0.897648 0.977787 0.487339
(34, 18) 0.900568 0.987962 0.486381
(34, 19) 0.923583 0.988817 0.485598
(34, 20) 0.948936 0.993829 0.490587
(34, 21) 0.957357 0.986066 0.482224
(34, 22) 0.965087 0.977937 0.475842
(34, 23) 0.971196 0.976740 0.478943
(34, 24) 0.973759 0.975483 0.480477
(34, 25) 0.978250 0.975343 0.479143
(34, 26) 0.990261 0.975219 0.474946
(34, 27) 0.990946 0.972152 0.476535
(34, 28) 0.992042 0.970658 0.476635
(34, 29) 0.993114 0.969682 0.475607
(34, 30) 0.993576 0.968708 0.474939
(34, 31) 0.993758 0.967927 0.475957
(34, 32) 0.994273 0.967350 0.477042
(34, 33) 0.994395 0.966721 0.476297
(34, 34) 0.994639 0.966433 0.475513
(34, 35) 0.994962 0.965853 0.475318
(34, 36) 0.995158 0.965258 0.475158
(34, 37) 0.995418 0.965265 0.474475
(34, 38) 0.995858 0.965005 0.473799
(34, 39) 0.996021 0.964598 0.473721
(35, 0) 0.724109 0.967622 0.469012
(35, 1) 0.740584 0.963372 0.466802
(35, 2) 0.744169 0.961126 0.469690
(35, 3) 0.751779 0.963613 0.473437
(35, 4) 0.757173 0.964468 0.474041
(35, 5) 0.765082 0.964788 0.474260
(35, 6) 0.767457 0.968399 0.476406
(35, 7) 0.790436 0.968323 0.476401
(35, 8) 0.796200 0.969081 0.476459
(35, 9) 0.804996 0.970906 0.475807
(35, 10) 0.815161 0.972942 0.474679
(35, 11) 0.822006 0.972512 0.477172
(35, 12) 0.832608 0.969592 0.484284
(35, 13) 0.843673 0.965930 0.488758
(35, 14) 0.844702 0.966810 0.508334
(35, 15) 0.858696 0.974002 0.529861
(35, 16) 0.889868 0.974001 0.499756
(35, 17) 0.900785 0.975057 0.486177
(35, 18) 0.913967 0.978409 0.489981
(35, 19) 0.947433 0.983805 0.486504
(35, 20) 0.950279 0.987825 0.487134
(35, 21) 0.958709 0.988113 0.484415
(35, 22) 0.971055 0.983291 0.479055
(35, 23) 0.981234 0.981548 0.475557
(35, 24) 0.979377 0.976887 0.479600
(35, 25) 0.988988 0.973603 0.480414
(35, 26) 0.991998 0.973789 0.478520
(35, 27) 0.992815 0.972148 0.478239
(35, 28) 0.993569 0.970825 0.478038
(35, 29) 0.994209 0.969815 0.477133
(35, 30) 0.994607 0.969095 0.476499
(35, 31) 0.995153 0.968197 0.477687
(35, 32) 0.995406 0.967589 0.478310
(35, 33) 0.995127 0.966846 0.477951
(35, 34) 0.995247 0.966889 0.476103
(35, 35) 0.995450 0.966232 0.475504
(35, 36) 0.995704 0.965833 0.475215
(35, 37) 0.995837 0.965460 0.474600
(35, 38) 0.995990 0.965138 0.474260
(35, 39) 0.996054 0.964607 0.474269
(36, 0) 0.706504 0.966221 0.471102
(36, 1) 0.724405 0.965254 0.470906
(36, 2) 0.742082 0.963507 0.472706
(36, 3) 0.743948 0.965096 0.473983
(36, 4) 0.750265 0.965410 0.474165
(36, 5) 0.753657 0.968235 0.475544
(36, 6) 0.765625 0.971804 0.476947
(36, 7) 0.779580 0.972779 0.478122
(36, 8) 0.794165 0.971993 0.478192
(36, 9) 0.803248 0.973989 0.478568
(36, 10) 0.809065 0.974026 0.475904
(36, 11) 0.818634 0.974913 0.478316
(36, 12) 0.827678 0.976662 0.483278
(36, 13) 0.836726 0.961417 0.499614
(36, 14) 0.838914 0.959405 0.509463
(36, 15) 0.847623 0.965753 0.518262
(36, 16) 0.856568 0.913032 0.523493
(36, 17) 0.903707 0.971860 0.493634
(36, 18) 0.912977 0.962802 0.515035
(36, 19) 0.936141 0.972312 0.498227
(36, 20) 0.956429 0.986523 0.485997
(36, 21) 0.970287 0.985854 0.484183
(36, 22) 0.977294 0.984153 0.483669
(36, 23) 0.983765 0.981097 0.479977
(36, 24) 0.986687 0.977748 0.480287
(36, 25) 0.990702 0.975516 0.482702
(36, 26) 0.992912 0.973662 0.480580
(36, 27) 0.993670 0.972364 0.479710
(36, 28) 0.994604 0.971096 0.479079
(36, 29) 0.995609 0.970337 0.478168
(36, 30) 0.995707 0.969688 0.477424
(36, 31) 0.996023 0.969154 0.477410
(36, 32) 0.996237 0.968393 0.477976
(36, 33) 0.995924 0.967605 0.477191
(36, 34) 0.995628 0.967380 0.476215
(36, 35) 0.995768 0.966826 0.475730
(36, 36) 0.996247 0.965997 0.475128
(36, 37) 0.996304 0.965596 0.474557
(36, 38) 0.996325 0.964694 0.474589
(36, 39) 0.996268 0.964278 0.475147
(37, 0) 0.697555 0.965176 0.471691
(37, 1) 0.683947 0.964177 0.473478
(37, 2) 0.730938 0.964995 0.473344
(37, 3) 0.737644 0.966551 0.475513
(37, 4) 0.741828 0.969475 0.476056
(37, 5) 0.747263 0.970081 0.477247
(37, 6) 0.755950 0.972647 0.477456
(37, 7) 0.767657 0.973705 0.477595
(37, 8) 0.787748 0.978445 0.480510
(37, 9) 0.803247 0.974728 0.479086
(37, 10) 0.807885 0.975900 0.476985
(37, 11) 0.819409 0.979070 0.480112
(37, 12) 0.826710 0.978977 0.481797
(37, 13) 0.825349 0.976710 0.490571
(37, 14) 0.777634 0.960188 0.590913
(37, 15) 0.852410 0.911820 0.526893
(37, 16) 0.855714 0.862019 0.532849
(37, 17) 0.866980 0.880961 0.529767
(37, 18) 0.924482 0.962677 0.510480
(37, 19) 0.933852 0.963624 0.504346
(37, 20) 0.956954 0.975211 0.494296
(37, 21) 0.978385 0.985639 0.485694
(37, 22) 0.985226 0.985360 0.485934
(37, 23) 0.985719 0.983975 0.483503
(37, 24) 0.988959 0.978379 0.485108
(37, 25) 0.993775 0.975562 0.487935
(37, 26) 0.993585 0.974380 0.483478
(37, 27) 0.995483 0.972888 0.480890
(37, 28) 0.996375 0.971268 0.479292
(37, 29) 0.996806 0.971200 0.477947
(37, 30) 0.996295 0.970599 0.477480
(37, 31) 0.996293 0.969599 0.476955
(37, 32) 0.996509 0.968851 0.477157
(37, 33) 0.996165 0.968285 0.476424
(37, 34) 0.995798 0.967717 0.475816
(37, 35) 0.996294 0.966723 0.474873
(37, 36) 0.996675 0.965960 0.474467
(37, 37) 0.996892 0.965306 0.474282
(37, 38) 0.996869 0.964706 0.474680
(37, 39) 0.996726 0.964244 0.475286
(38, 0) 0.679931 0.962206 0.472684
(38, 1) 0.678361 0.963402 0.473908
(38, 2) 0.681110 0.965144 0.474883
(38, 3) 0.692178 0.971415 0.478098
(38, 4) 0.709701 0.977067 0.475979
(38, 5) 0.726848 0.976983 0.477827
(38, 6) 0.738512 0.978650 0.477913
(38, 7) 0.764772 0.985002 0.482736
(38, 8) 0.789376 0.983331 0.480957
(38, 9) 0.793951 0.980423 0.481013
(38, 10) 0.814327 0.979878 0.479595
(38, 11) 0.818461 0.980854 0.481199
(38, 12) 0.824994 0.984763 0.483847
(38, 13) 0.698480 0.966992 0.705826
(38, 14) 0.679959 0.963591 0.738144
(38, 15) 0.689825 0.957050 0.741346
(38, 16) 0.758915 0.912838 0.769315
(38, 17) 0.825648 0.936488 0.678201
(38, 18) 0.886295 0.961550 0.619710
(38, 19) 0.933611 0.963385 0.511626
(38, 20) 0.970276 0.965540 0.514805
(38, 21) 0.987256 0.986946 0.487833
(38, 22) 0.989705 0.986836 0.487811
(38, 23) 0.992243 0.988371 0.483280
(38, 24) 0.997814 0.980070 0.483648
(38, 25) 0.996961 0.978336 0.485047
(38, 26) 0.996587 0.975409 0.481098
(38, 27) 0.996946 0.973740 0.480265
(38, 28) 0.997754 0.972703 0.478990
(38, 29) 0.997438 0.971811 0.477657
(38, 30) 0.997179 0.971940 0.476201
(38, 31) 0.997404 0.970605 0.476180
(38, 32) 0.997519 0.969333 0.476550
(38, 33) 0.996634 0.968618 0.475632
(38, 34) 0.996799 0.968155 0.474654
(38, 35) 0.996738 0.967267 0.474134
(38, 36) 0.997437 0.966226 0.474095
(38, 37) 0.997881 0.965564 0.474301
(38, 38) 0.998268 0.964893 0.475206
(38, 39) 0.998012 0.965148 0.476371
(39, 0) 0.676192 0.960357 0.471756
(39, 1) 0.677173 0.962842 0.473401
(39, 2) 0.675990 0.966374 0.475898
(39, 3) 0.678338 0.972530 0.478092
(39, 4) 0.684604 0.979430 0.477715
(39, 5) 0.699859 0.985293 0.478481
(39, 6) 0.720793 0.986531 0.481665
(39, 7) 0.728714 0.988370 0.482969
(39, 8) 0.762518 0.988160 0.484020
(39, 9) 0.783931 0.982838 0.480868
(39, 10) 0.804366 0.983256 0.480736
(39, 11) 0.823275 0.987644 0.485083
(39, 12) 0.832590 0.999287 0.492018
(39, 13) 0.818554 0.996514 0.516005
(39, 14) 0.679592 0.963570 0.742622
(39, 15) 0.665778 0.962941 0.976278
(39, 16) 0.665035 0.962756 0.998047
(39, 17) 0.770083 0.962151 0.825678
(39, 18) 0.878400 0.961434 0.646936
(39, 19) 0.923164 0.962473 0.583932
(39, 20) 0.970181 0.964116 0.517844
(39, 21) 0.972881 0.966521 0.514334
(39, 22) 0.993800 0.989501 0.483220
(39, 23) 0.997415 0.989786 0.479309
(39, 24) 0.998676 0.984244 0.482512
(39, 25) 0.999048 0.980046 0.483575
(39, 26) 0.998299 0.977894 0.481545
(39, 27) 0.997778 0.974738 0.479883
(39, 28) 0.998259 0.973776 0.478946
(39, 29) 0.998137 0.973364 0.477044
(39, 30) 0.997980 0.973143 0.475217
(39, 31) 0.998668 0.971622 0.475655
(39, 32) 0.998961 0.970316 0.476503
(39, 33) 0.998188 0.969391 0.475436
(39, 34) 0.997824 0.968789 0.473862
(39, 35) 0.997817 0.967583 0.473515
(39, 36) 0.998570 0.966217 0.473900
(39, 37) 0.999227 0.965580 0.474766
(39, 38) 0.999304 0.965766 0.476167
(39, 39) 0.999186 0.966014 0.477070
