(128484, 0, -28)
(126864, 392, 392)
(129040, 52, 24)
(128816, 56, 28)
(126352, 0, 0)
(128588, 0, 0)
(119836, 56, 56)
(122088, 188, 20)
(113352, 140, 140)
(128900, 0, 0)
(115104, 0, -56)
(128984, 28, 0)
(129316, -288, -280)
(128680, 0, 0)
(110968, 0, -84)
(127760, 812, 700)
(100684, 56, -60)
(124472, 0, -1036)
(87500, 292, 588)
(128012, 28, 0)
(128732, -252, -300)
(129212, -52, -144)
(129248, 448, 448)
(121040, 0, -140)
(129096, 56, 4)
(128844, 0, 0)
(123492, 56, -60)
(102464, 0, -88)
(129480, 656, 656)
(112572, 0, 0)
(112532, 0, -28)
(95720, 1160, 948)
(111920, 180, 180)
(126904, 0, -252)
(113296, 0, 160)
(126640, 56, -84)
(124428, 84, 84)
(128772, 0, 60)
(128864, -96, 76)
(128848, -8, -72)
(128612, 16, -96)
(129372, -44, 136)
(129412, 252, 28)
(128560, 112, -140)
(128912, -88, -96)
(125304, 896, 756)
(112600, 28, 28)
(128848, 0, 52)
(128536, 0, 0)
(128792, 0, -28)
(113456, 272, 272)
(105116, 188, 188)
(128900, -8, -8)
(125660, 0, 0)
(106160, -56, -56)
(128496, 72, 72)
(112628, 0, 0)
(109752, 252, 196)
(111836, -16, -40)
(111268, 0, -56)
(129408, 112, -224)
(125672, 0, -196)
(128972, 0, -12)
(127208, 48, 48)
(103124, 68, 8)
(127984, 28, 0)
(111492, 224, 224)
(99520, 628, 472)
(128732, 56, 28)
(113920, 28, 8)
(129624, 80, -252)
(125688, 28, 28)
(87992, -28, -28)
(122408, 0, 12)
(128172, 392, 392)
(128988, 56, -68)
(87804, -16, -16)
(127788, 0, -84)
(124164, 56, 0)
(129612, 152, 212)
(128684, 336, 280)
(111352, 20, -8)
(104708, 84, 216)
(126304, -168, -8)
(119948, -56, -56)
(125844, 0, -140)
(123596, -44, -44)
(113192, 0, 0)
(105444, 132, 132)
(126296, 84, 20)
(129548, -76, -156)
(128772, -60, -60)
(128888, 84, -24)
(128896, -24, -24)
(124512, 0, 532)
(112628, 28, 28)
(128376, 196, 196)
(113924, -140, -280)
(128928, 84, 56)
(126864, 56, 56)
(128616, -168, -168)
(129528, 828, 716)
(128972, 8, 64)
(124404, 0, 0)
(126408, 0, -28)
(117396, 112, -384)
(128708, -124, -312)
(128172, 28, 28)
(125900, 56, 56)
(128948, -256, -772)
(128940, 168, 168)
(111664, 0, 0)
(126092, 420, 396)
(125892, -32, -32)
(126296, 0, -84)
(129016, 24, -4)
(126804, 0, -28)
(113828, 140, 52)
(126664, 0, 0)
(115464, 12, 36)
(124428, -112, -112)
(128616, 28, 28)
(129516, -60, -76)
(116124, 28, -28)
(128700, 184, 156)
(129132, 84, -72)
(116788, 256, 256)
(126360, 84, -56)
(127276, 0, 0)
(128732, 0, 252)
(87504, -272, -272)
(127032, -116, -72)
(128068, 280, 280)
(127000, 0, -204)
(128960, -324, -784)
(116032, 16, 72)
(127236, 28, 28)
(98296, 0, -28)
(128808, 108, 108)
(119780, 112, 112)
(129404, 636, 576)
(87820, 28, -56)
(116532, -28, -88)
(119780, 0, -112)
(128788, -148, -148)
(128948, -12, -12)
(96356, -40, -200)
(120340, 392, 952)
(128200, 0, -28)
(126236, -68, -68)
(128940, 0, -168)
(128848, -244, -536)
(113368, 0, 0)
(126408, 0, 0)
(123044, 0, 0)
(112392, 572, 544)
(113184, -152, -344)
(127068, 0, 0)
(128920, 28, 0)
(128976, -232, -312)
(128772, -16, -16)
(128856, 0, -112)
(103588, 148, 120)
(114124, 0, -8)
(128788, 0, 252)
(110116, 364, 364)
(111784, -52, -52)
(128784, 0, -28)
(126664, 28, 28)
(127380, 0, 0)
(129244, 108, -160)
(128480, 140, 56)
(129012, 0, -28)
(103176, 60, 60)
(127212, 52, 52)
(129156, -168, -92)
(129092, -156, -604)
(111212, -88, 60)
(128756, 96, 36)
(112408, 0, -16)
(128756, 24, 24)
(128236, 0, 140)
(113836, 8, 8)
(127780, 0, 0)
(129084, 96, 96)
(129480, 0, -656)
(129108, 140, 80)
(128688, -196, -168)
(129136, 56, 0)
(126720, 28, 28)
(128792, 28, -56)
(123436, 116, 88)
(123856, 84, 0)
(106232, -12, -12)
(128180, 0, 0)
(129072, -56, -336)
(129016, 84, 0)
(128396, 252, 252)
(116840, 1064, 1008)
(112684, 28, 28)
(129300, -72, -28)
(106216, 0, 16)
(116232, -420, -840)
(105232, 0, -124)
(129116, 8, 8)
(128916, 0, -28)
(110828, 12, 12)
(89548, 812, -76)
(113976, 28, 0)
(95832, 12, -36)
(129544, 332, 136)
(127188, 0, 0)
(112572, -16, -16)
(106520, 116, 116)
(125908, 0, 0)
(129172, 324, 324)
(119640, 0, 392)
(129548, -8, -716)
(127236, 0, 0)
(109652, 300, -12)
(118196, 1144, 560)
(128848, -8, -8)
(116532, 0, 0)
(126444, 0, 0)
(120508, 0, -560)
(126636, 0, 324)
(129572, 232, -116)
(111500, 164, 164)
(88096, 0, 0)
(128420, 0, 560)
(127100, 80, 80)
(115160, 0, -56)
(128800, 12, 192)
(111800, 24, -88)
(128180, 140, 84)
(128840, 0, 0)
(128988, 16, 16)
(125252, 0, -140)
(122032, 96, -56)
(114752, 56, 56)
(123660, 112, 56)
(129004, 0, 84)
(126864, 0, 0)
(128960, 0, -116)
(129040, 100, 352)
(128496, 0, 0)
(127188, -28, -28)
(110816, 140, -336)
(119304, -24, 248)
(118620, 0, -444)
(126108, 0, 0)
(124344, 0, 112)
(129296, 336, 224)
(97284, 32, -148)
(116736, 504, 924)
(116420, 0, 0)
(129460, -60, 4)
(128808, 28, 28)
(123100, -24, -48)
(103868, 0, -88)
(129604, 372, -76)
(128788, 0, 148)
(112684, 0, -28)
(128696, 276, 276)
(104756, 0, -28)
(129068, 152, 152)
(113336, 0, 0)
(127320, 0, 0)
(114696, 688, 208)
(112628, 0, -28)
(118164, 56, -364)
(123640, -40, -40)
(101132, 272, 180)
(128648, 28, 16)
(128868, 0, -28)
(129516, -56, -288)
(121028, 212, 48)
(127012, 28, 28)
(127956, 0, -28)
(116372, 0, 392)
(129048, 28, 28)
(125672, 196, 112)
(126556, -392, -392)
(121656, -188, 56)
(104624, -132, -132)
(129160, -24, -60)
(115612, 56, 56)
(127320, 0, -112)
(108000, 1480, 1364)
(129076, 0, 0)
(124884, 0, -8)
(129328, 4, -288)
(129100, 24, 24)
(128960, 116, 116)
(127736, 0, -84)
(128572, 0, -28)
(104624, -16, 44)
(129204, 516, 712)
(127432, 112, 28)
(128784, 140, 112)
(127160, 0, 160)
(128808, 0, 240)
(128712, -364, -520)
(128148, 272, 132)
(125000, 0, 0)
(104100, 0, 48)
(113924, 0, 168)
(114344, 120, 120)
(113296, 0, 0)
(115644, 196, 104)
(113912, 76, 216)
(128908, -196, -108)
(120188, 588, 280)
(128568, 224, 28)
(128864, 0, 124)
(125252, 140, 140)
(129144, -236, -628)
(125704, 0, 8)
(96872, -120, -264)
(87708, -16, -16)
(127092, 24, 24)
(110884, 28, 0)
(127872, 8, 316)
(112952, 0, 0)
(128972, 0, 0)
(125792, 152, 184)
(112588, 28, 28)
(122364, 0, 0)
(123680, -892, -1060)
(129032, 0, -104)
(113924, 0, 0)
(115476, -136, -136)
(120508, 0, 0)
(127036, -1700, -1320)
(128456, 588, -280)
(116440, -284, -884)
(112952, -244, -372)
(128412, 896, 1092)
(127116, -140, -280)
(111220, 0, 0)
(109560, -2576, -3056)
(103164, 12, 36)
(102648, 184, 184)
(128864, 0, 84)
(103116, 0, 0)
(121784, 76, 8)
(112532, 28, 28)
(119432, 56, -56)
(128848, 0, 0)
(109064, -408, -1100)
(105908, 668, 668)
(128740, -180, -132)
(126136, 28, 28)
(128772, 0, 0)
(127928, 56, 48)
(112684, 0, 0)
(128936, 52, -4)
(127008, 0, 28)
(98272, -24, -24)
(129136, -24, 0)
(123124, 24, 24)
(116392, 0, -28)
(128784, 24, 8)
(129176, 92, -12)
(128172, 0, -28)
(127192, 160, 160)
(115216, 0, -56)
(128620, 12, -100)
(129124, 28, -56)
(129004, -24, 148)
(127488, 0, -28)
(124588, 160, 160)
(128480, 0, -28)
(127704, 0, 1824)
(112520, 0, 0)
(117284, 496, 240)
(129084, 104, 104)
(114964, 0, -140)
(111792, 12, 12)
(103868, 0, 0)
(125936, 0, 0)
(129156, 72, 72)
(123160, 0, 16)
(122728, 112, 56)
(127752, 0, -56)
(126808, 0, 0)
(129072, -124, 56)
(121900, 168, 168)
(128788, -180, 368)
(128576, 12, 12)
(125672, -420, -840)
(128040, 0, -28)
(117688, 292, 180)
(126248, 12, 12)
(127788, 28, 28)
(113472, 504, 504)
(106244, 56, 84)
(112504, 0, 16)
(128616, 0, 84)
(115612, 0, 0)
(115556, 92, 80)
(119376, 112, -392)
(114224, 0, -28)
(127864, -308, -700)
(129032, 104, 20)
(128564, 0, 0)
(92092, 0, -224)
(125044, 136, 112)
(128884, 0, 0)
(123680, 0, 892)
(128944, -12, 112)
(124832, 28, 28)
(113828, 0, 0)
(127140, 0, -40)
(129556, -64, -348)
(127188, 0, 28)
(120004, 0, -168)
(115776, 56, -616)
(113212, -84, -84)
(128740, -8, -156)
(128908, 0, 240)
(127116, 0, -16)
(128564, 0, -28)
(129020, -60, 36)
(128788, 112, 112)
(128876, -128, -128)
(128992, 104, 48)
(123236, 56, 56)
(127736, 0, 0)
(111336, 0, 0)
(115528, 0, 0)
(113364, 0, -28)
(127020, 28, -100)
(126960, 84, 84)
(104712, 0, -4)
(128684, 0, 0)
(127652, -1428, -1164)
(129152, 56, 0)
(128856, -308, -616)
(128452, 28, 0)
(128884, 8, -64)
(125792, 0, 0)
(104624, 0, 16)
(116392, 28, 456)
(128600, 0, 260)
(128532, 12, -100)
(97072, 200, 320)
(129120, 0, 0)
(97412, 128, 96)
(88020, -60, -60)
(123772, 84, 56)
(127452, 28, 28)
(87776, 112, 252)
(128816, 28, 28)
(111304, 28, 28)
(95772, -504, -532)
(128816, -216, -60)
(128536, 56, -84)
(103176, 0, 0)
(96356, 0, 40)
(102800, 32, -88)
(110200, 28, 0)
(128700, 112, 84)
(128956, 28, 28)
(125792, 0, -152)
(128644, -336, -312)
(113600, 168, 168)
(126640, 0, -56)
(128584, 0, 728)
(128920, -48, -164)
(118620, 0, 0)
(121512, 68, -68)
(103260, 96, 96)
(128852, 1092, 280)
(125044, 0, 0)
(128856, 112, 112)
(128868, 24, 24)
(107660, 224, -304)
(125516, 0, -212)
(127396, 0, 0)
(124804, 448, 424)
(127380, 0, -120)
(100416, 76, -32)
(129120, 196, 340)
(124908, 24, 24)
(113368, 0, -56)
(125660, 28, 28)
(127920, 168, 28)
(128824, 140, 140)
(104156, 0, 84)
(106216, -28, -56)
(98296, 28, -20)
(128832, -40, -68)
(116468, 0, 0)
(126696, 0, -56)
(113776, 0, 0)
(125712, 0, 0)
(128744, -448, -748)
(128600, -264, -152)
(112136, 480, -228)
(111812, 0, 0)
(109500, 56, 0)
(129004, -84, -280)
(116008, 0, 0)
(128840, 0, -84)
(129252, 284, 284)
(126104, 0, -560)
(116040, 0, -8)
(88080, 0, 0)
(116500, 24, 24)
(115048, -1792, -2856)
(127684, 0, -8)
(128908, 28, 28)
(119640, 0, 0)
(122168, -240, -240)
(128880, 0, 0)
(127712, 0, 124)
(116364, -428, -876)
(128488, 0, -32)
(112796, 0, 0)
(128800, 0, 0)
(103440, 28, 28)
(128236, -140, -336)
(125924, 0, 0)
(128712, 0, 364)
(113776, -148, -8)
(87500, -276, -388)
(128720, 104, 104)
(98256, 0, 16)
(125828, -364, -868)
(113068, 192, 112)
(128900, 0, 8)
(126136, 0, 0)
(124804, 0, -448)
(129080, 56, 28)
(114796, 32, -164)
(115228, 140, -196)
(113432, 40, 28)
(113976, 140, 132)
(111268, 0, 0)
(128768, 12, 12)
(128872, 0, -28)
(128856, 0, 0)
(128868, 0, -24)
(129432, 480, 480)
(128424, 0, -356)
(123680, 0, 0)
(129560, 420, 204)
(125920, 0, 0)
(129228, 228, 200)
(98268, 48, -84)
(129164, 308, 308)
(118424, 64, 8)
(129008, 112, 112)
(126444, 56, 28)
(128944, 0, -84)
(125912, 0, 364)
(127260, 224, 196)
(123072, -1512, -1624)
(126720, 0, 0)
(127140, 40, 40)
(128756, -16, -16)
(127116, 16, 16)
(127928, 0, -28)
(111344, 8, 24)
(121936, 152, 76)
(127256, 56, 56)
(112656, 28, 28)
(95820, 48, 552)
(112796, 0, -84)
(125920, -84, -168)
(128808, -240, -84)
(124344, -112, 20)
(129232, 448, 364)
(127032, 0, 0)
(127704, -1832, -2512)
(92092, 224, -568)
(124588, 0, 0)
(122756, 28, -84)
(128696, 56, 0)
(126180, -8, -8)
(128988, 28, -28)
(127100, 0, 0)
(106216, -16, -4)
(128880, 12, 12)
(87776, 0, -260)
(128892, 0, -16)
(124540, -16, -60)
(128712, 0, 0)
(129116, 208, 208)
(116468, 0, -28)
(128932, 84, 28)
(111304, 0, 0)
(126776, 28, 0)
(129344, -12, -20)
(125904, 0, -28)
(127036, 0, 1700)
(127164, 0, 0)
(114568, -24, -192)
(116232, 56, -28)
(126352, 0, 116)
(128988, 24, 24)
(128800, 56, 56)
(111276, 56, 56)
(123652, 0, 0)
(128848, 236, 220)
(128616, -168, -308)
(128012, 0, -28)
(126248, 0, -12)
(128496, 0, -72)
(128348, 56, 0)
(129148, 0, 0)
(116344, -448, -868)
(129380, 392, 336)
(124916, 84, 56)
(112968, 0, 0)
(128988, 0, 0)
(121732, 0, -108)
(121292, 252, 252)
(125704, 0, 0)
(129264, -60, 0)
(128976, -168, 68)
(126876, 0, 0)
(103780, 192, 44)
(126092, 0, -56)
(128744, 0, 448)
(129228, -80, -244)
(113924, -168, -336)
(126036, 0, 0)
(128424, 356, 76)
(104928, 0, 80)
(127148, -44, -44)
(114696, 0, 0)
(124572, 168, 168)
(119264, 504, 168)
(126696, 56, 56)
(111664, 0, -96)
(96248, -132, -216)
(128832, 188, 188)
(127000, 204, -160)
(119444, 0, 0)
(128788, 0, 0)
(127020, 0, 0)
(126640, 0, 0)
(128756, 0, 16)
(126792, 0, 0)
(109104, 40, 40)
(123764, 0, 0)
(113336, 192, 0)
(127704, -1824, -2652)
(111852, 24, -4)
(113336, 8, 8)
(127404, 0, -12)
(128824, 0, -140)
(129076, 156, 128)
(116372, -392, -840)
(125704, -8, -8)
(106216, 0, -108)
(128864, -124, -124)
(128872, 28, 0)
(109352, 312, 832)
(129588, -24, -112)
(128936, 196, 196)
(128600, 0, 140)
(126696, 0, 0)
(113328, -40, -40)
(127396, 0, -140)
(127676, 84, 84)
(113392, 12, 12)
(127876, 140, 140)
(127108, 0, 0)
(126632, 28, 28)
(129192, -124, -488)
(129128, 112, 88)
(127160, 0, 28)
(104712, 0, 0)
(127160, 0, 0)
(123596, 0, 0)
(113184, 0, 152)
(128896, -136, -32)
(119292, 592, 512)
(129068, 252, 252)
(126324, 76, 76)
(103400, 140, 44)
(104928, -80, -264)
(129320, -228, -220)
(129148, 136, -8)
(111820, 28, 28)
(113068, 0, 0)
(106148, -68, -68)
(103412, 0, 84)
(128800, -200, -132)
(127216, 0, -8)
(104512, 356, 356)
(129192, -64, -92)
(103116, -8, -76)
(129076, 132, 132)
(128840, 56, 56)
(126468, 172, 172)
(121924, 252, 12)
(125028, 28, 28)
(97252, 180, -20)
(114116, 140, 112)
(126408, 0, -84)
(129560, 404, 332)
(128944, 0, 12)
(112560, 0, 0)
(128676, 56, 56)
(128700, 0, 0)
(104700, 188, -168)
(123160, -16, -436)
(109752, 0, -252)
(121640, 0, -8)
(87820, 0, 0)
(128740, 0, 0)
(129468, -128, -1312)
(103152, -24, -24)
(109444, 56, -144)
(111108, 0, 0)
(129564, -20, -92)
(104148, 140, 112)
(127696, -784, 168)
(128780, -336, -544)
(113828, 0, -140)
(129080, -168, -200)
(111780, -140, -320)
(96248, 0, 132)
(128888, 0, 0)
(87616, -276, -388)
(125632, -3332, -3680)
(121616, 104, 36)
(128900, -140, 56)
(128756, 0, 0)
(128844, 0, -28)
(126692, 28, 28)
(128600, -260, -260)
(111336, -8, -16)
(125844, 140, 140)
(125920, 0, 84)
(127180, 16, 16)
(112956, 0, 0)
(128960, 0, 0)
(128880, -168, -196)
(127192, 0, 0)
(125936, 16, 16)
(128116, 20, 20)
(125828, 0, 0)
(128676, 28, 0)
(128880, 0, 168)
(127592, 0, 0)
(127956, 28, 28)
(128944, 0, 0)
(128864, 0, 0)
(129240, -12, -296)
(128832, -252, 124)
(113192, 0, 280)
(103056, 60, 48)
(129020, -56, -308)
(113924, 0, 336)
(128968, 0, 84)
(121924, 0, -252)
(128548, -8, 376)
(128256, 28, 28)
(129008, -152, -68)
(116096, 56, 56)
(110144, 28, -336)
(97712, 300, 172)
(127516, -196, -196)
(125292, -3876, -3868)
(128484, 28, -560)
(87992, 0, 28)
(127788, 84, 84)
(114568, 0, 0)
(128884, 56, 28)
(128828, 252, 448)
(114592, 168, 124)
(123652, 252, 184)
(104640, -60, -60)
(128588, 28, -84)
(108624, 624, -856)
(127200, -1652, -2744)
(129312, -276, -252)
(115708, 96, 40)
(120816, 164, -76)
(128584, -728, -452)
(126004, 84, 84)
(109064, 0, 408)
(125672, 24, 276)
(101200, 68, -204)
(121040, 0, 0)
(129436, -120, -56)
(128840, 0, -56)
(128760, 28, -28)
(128676, -716, -792)
(128144, 224, 56)
(113212, 0, 0)
(129164, -164, -168)
(124404, 0, -60)
(129384, -20, -656)
(114796, 0, 0)
(129596, 80, 140)
(126904, 252, 8)
(104700, 0, -188)
(87776, 0, 0)
(128884, 56, -196)
(128556, -384, -512)
(129212, 196, 28)
(125712, 0, 672)
(113296, -56, -196)
(128872, 0, 0)
(125892, 0, 0)
(126128, 60, -24)
(91076, 848, 564)
(128576, -196, 468)
(128684, 0, 56)
(120412, 224, -364)
(127192, 0, -160)
(128940, -252, -188)
(129176, 436, 436)
(128960, -172, -184)
(100860, 92, 8)
(115356, -392, -924)
(126192, 504, 476)
(128872, 4, -136)
(125924, 0, -12)
(112876, 80, 80)
(112968, 12, 12)
(106244, 0, 0)
(121640, 8, 92)
(111776, 112, 112)
(120004, 168, 168)
(128868, 140, 744)
(124472, 0, 0)
(122064, 0, 0)
(127424, 28, 28)
(111740, 0, 0)
(116532, 0, 28)
(109732, 80, -220)
(116792, 420, 420)
(114696, 0, -688)
(128856, -324, -352)
(128824, 224, 224)
(129356, 8, -352)
(128600, -140, -280)
(129024, 28, 0)
(128856, 0, 308)
(127844, 28, 0)
(113144, 192, 192)
(103400, 0, -140)
(94560, 212, -116)
(129012, 28, 0)
(123332, 8, 8)
(87664, -140, -140)
(114196, 72, 72)
(112952, 0, 244)
(128964, 28, -168)
(129108, 0, 0)
(128812, 16, 180)
(123100, 0, 0)
(125908, 0, -16)
(128928, 0, -56)
(128144, 28, 8)
(129068, 0, 0)
(127900, 28, 0)
(129056, -84, -72)
(128896, 28, 28)
(129624, 20, -352)
(109040, -520, 2056)
(126408, 84, 8)
(126072, 28, -112)
(123640, 0, 40)
(128908, -240, -376)
(126796, 364, 112)
(123436, 392, 392)
(119668, 28, 28)
(113328, 0, 0)
(125252, 0, 0)
(125920, 12, 12)
(129184, 36, 36)
(128952, 52, 52)
(88004, 12, 12)
(113380, 0, -16)
(128740, 140, 140)
(128868, 28, 28)
(120032, 420, 420)
(119444, 0, -140)
(115612, 0, -84)
(129324, -60, -40)
(127192, -28, -168)
(100016, 224, -48)
(101532, 332, 264)
(127256, 140, 140)
(124428, 0, 112)
(129448, -100, -24)
(129004, 0, 0)
(95956, 12, -212)
(113380, 16, 16)
(123180, 20, 20)
(126776, 0, 0)
(118760, 336, 272)
(128860, 52, 52)
(111800, 0, 0)
(87804, 0, 16)
(100340, 108, 28)
(129344, -92, 28)
(87792, 84, 100)
(128900, 0, 48)
(104824, 112, 112)
(129344, -216, -636)
(129120, 0, -112)
(127684, 8, 8)
(129544, 420, 420)
(126792, 0, 112)
(125924, 12, 12)
(128196, -244, -136)
(128228, 0, 752)
(128804, 0, 0)
(106404, 0, -196)
(128520, 112, 112)
(124184, 420, 420)
(127036, 0, 0)
(112504, -16, -16)
(128968, 116, 224)
(128896, 0, -28)
(128784, 0, -24)
(128756, 0, 408)
(116092, 84, 84)
(119612, 140, 112)
(116500, 0, -24)
(113184, 0, 0)
(115368, 84, 28)
(127144, 0, 0)
(129208, 56, 0)
(121632, -84, -144)
(128804, 108, -168)
(125672, 0, 420)
(123044, 0, -1036)
(127192, 0, 28)
(111836, 0, 16)
(129512, -92, -824)
(128456, -160, 8)
(128196, 0, 0)
(128860, 0, 0)
(113432, 0, -40)
(124108, 56, 0)
(128740, 0, 8)
(122408, -12, -76)
(105312, 0, 596)
(129028, -172, -300)
(129408, 0, -112)
(129020, 252, 488)
(121432, 0, 0)
(126068, 84, 84)
(128480, -952, -1432)
(127652, 0, 1428)
(105232, 124, 132)
(128864, -112, 56)
(125904, 28, 0)
(128784, 84, -100)
(96848, 336, 280)
(87848, 988, 524)
(127276, 0, -160)
(127696, 0, 0)
(125848, 56, 56)
(129068, 0, -16)
(127676, 0, -84)
(111828, 28, 28)
(128852, -108, -12)
(128228, -752, -660)
(128544, 0, -12)
(126688, 0, -132)
(127068, 0, 1764)
(128916, 28, 28)
(120508, 560, 616)
(111332, 28, 28)
(112504, 0, 0)
(115048, 84, 84)
(128292, 56, 56)
(116392, 0, 0)
(129556, 76, 76)
(127868, 868, 868)
(114824, 28, 28)
(120340, 0, -392)
(102768, 120, -64)
(126432, 252, 252)
(113296, -160, -432)
(113312, 0, -16)
(119780, 0, 0)
(129048, 168, 168)
(105240, 0, -8)
(90228, 284, -12)
(129124, 356, 356)
(128700, 84, 108)
(86148, -39144, -35268)
(111276, 0, -56)
(128068, 0, 0)
(126948, 112, -28)
(129148, 48, 24)
(128088, 336, 336)
(128888, 56, 56)
(124456, -132, -132)
(92092, 0, 0)
(123652, 0, -252)
(128544, 12, 0)
(126304, 0, 168)
(128876, 0, 128)
(128884, -184, 252)
(111300, -148, -140)
(127032, -112, -112)
(107236, 28, 2836)
(121624, 8, -96)
(118360, 56, 0)
(127320, 84, 84)
(112408, 16, 16)
(128868, 76, 524)
(125476, 84, -56)
(129504, 260, 152)
(128928, -204, 208)
(104756, 28, -76)
(128872, -252, 72)
(128536, 0, -56)
(126388, 28, 28)
(118108, 420, 128)
(129132, 12, 12)
(126160, 56, 56)
(112572, 0, 16)
(126688, 132, 132)
(114380, 36, 36)
(129068, 0, -280)
(127872, 28, 28)
(129084, 184, 184)
(129460, 16, 196)
(128972, 12, 12)
(115160, 0, 0)
(126276, 140, 140)
(112392, 0, 0)
(127008, 0, 0)
(127740, 28, 0)
(122168, 0, 0)
(126104, 560, 532)
(129520, -64, -328)
(128228, 0, 0)
(113948, 28, 0)
(103868, 88, -104)
(128600, 28, 28)
(128936, -40, 100)
(128756, 0, -24)
(113196, 128, 128)
(129604, 732, 728)
(121708, 68, 68)
(107436, 528, 856)
(115720, 672, 588)
(128916, 0, 168)
(113380, 0, 0)
(119304, 0, 24)
(113528, 176, 16)
(112588, 0, -28)
(126180, 0, 8)
(129000, 28, 28)
(128948, -84, 40)
(123324, 224, 224)
(128832, 0, 0)
(129048, 156, 100)
(115528, -116, -116)
(127000, 0, 0)
(126044, 140, 140)
(119836, 0, 0)
(105108, -8, -196)
(129224, -40, -4)
(127780, 76, 76)
(128616, 0, 0)
(112656, 0, -28)
(127276, 160, 160)
(129000, -68, -220)
(112392, 0, -572)
(128920, 0, -8)
(113432, 0, 0)
(118700, 80, 80)
(127684, 0, 0)
(129392, 76, 364)
(127956, 28, -28)
(126664, 0, -28)
(98340, 84, 84)
(129120, 112, 112)
(128644, 0, 336)
(128896, 0, 24)
(127164, 24, 24)
(88096, -19564, -19788)
(125112, 0, -84)
(128200, 28, 28)
(128640, -244, -244)
(129052, 0, 0)
(123640, 0, 0)
(127044, 252, 252)
(111780, 0, 140)
(115104, 56, 56)
(123100, 0, -28)
(128932, 124, 96)
(128728, -604, -888)
(129068, 16, 16)
(113336, 0, -8)
(128736, -380, -68)
(126992, 128, 128)
(126876, 0, 136)
(103164, 0, 0)
(96512, 56, 4)
(129336, 72, -48)
(128812, 28, 28)
(126360, 0, 0)
(87724, 224, -68)
(99792, 272, -356)
(128600, 0, 264)
(126556, 0, 0)
(128832, 0, 96)
(128924, 84, 84)
(128424, -24, -24)
(129284, 460, 236)
(126548, 104, 104)
(127140, 0, 0)
(87892, 112, 336)
(100152, 136, -88)
(127704, 0, 1832)
(125000, 0, -56)
(126636, 0, 140)
(128748, 148, 120)
(126444, -28, 364)
(129536, 680, 680)
(128884, -196, -28)
(128616, 0, 168)
(87748, 244, 516)
(128420, -560, -716)
(129124, 0, 0)
(128744, 0, 0)
(128892, 16, 16)
(111304, 196, 196)
(127032, 0, 112)
(126652, 244, 244)
(126632, 0, -28)
(106216, 68, 136)
(118248, 84, 28)
(88004, 0, 0)
(105312, -596, -1264)
(124944, 28, -56)
(123100, 0, 24)
(127488, 0, 0)
(128992, 68, -48)
(128144, 0, 0)
(129444, -180, -200)
(114064, 140, 140)
(106160, 0, 56)
(115476, 0, 136)
(129108, 224, 224)
(128924, -144, -144)
(111212, 0, 0)
(127652, 0, 0)
(129248, 32, -52)
(114224, 28, -44)
(128544, 0, 0)
(120340, 0, 0)
(128784, 28, 28)
(113836, -140, -280)
(129136, 268, 192)
(129020, 0, 0)
(127256, 0, -56)
(128788, -252, -352)
(128588, 0, 32)
(128488, 0, 0)
(128964, 0, -28)
(88096, 0, 19564)
(128200, 0, 0)
(123688, 28, -84)
(127116, 0, 140)
(128884, 0, -8)
(129124, 0, -28)
(128420, 0, 0)
(128600, 0, 0)
(128904, 84, 56)
(122420, 64, -204)
(116560, 60, 60)
(128144, 0, -28)
(122364, 140, 84)
(129428, 16, -236)
(98892, 156, 156)
(124344, 0, 0)
(128980, 84, 84)
(128744, 0, -168)
(128768, 60, 60)
(128824, 0, 108)
(127160, -160, -160)
(124332, 168, 112)
(124540, 0, 0)
(125936, 0, -16)
(129620, 284, 212)
(118620, 444, 464)
(129216, 84, 0)
(128860, 140, 36)
(128936, -84, -24)
(129104, 84, -168)
(127180, 0, -16)
(127816, 28, 0)
(129080, 12, 12)
(128448, 252, 252)
(114424, 44, 8)
(103164, 0, -12)
(128740, 28, 28)
(126148, -84, -224)
(128796, 112, -224)
(126604, 0, -56)
(112712, 0, -28)
(125544, 28, 28)
(113776, 0, 148)
(128676, 0, 716)
(128876, 0, 0)
(110948, -4148, 4352)
(125892, 0, 32)
(128772, -664, -612)
(129048, -156, -132)
(129116, -312, -328)
(129032, -104, -80)
(126948, 0, 0)
(128980, 0, -84)
(127696, 0, 784)
(115452, -24, -132)
(128916, 0, 0)
(126984, -136, -164)
(119612, 0, -140)
(125920, 0, -12)
(128820, 28, 28)
(128996, 28, 0)
(128968, 28, 40)
(126188, 60, 0)
(112656, 0, 0)
(104100, 0, 0)
(128844, 28, -112)
(127032, 0, 116)
(106108, -24, -572)
(128968, -548, -492)
(111812, 28, 28)
(128980, 156, 128)
(87780, -224, -224)
(111108, 0, -140)
(128836, 140, 84)
(115476, 108, 24)
(127460, 0, -28)
(129488, 80, 80)
(122072, -140, -320)
(128960, 84, 84)
(126472, 0, 216)
(128892, 0, 0)
(127100, 0, 112)
(128976, -140, -140)
(109188, 84, 44)
(112712, 0, 0)
(104156, 0, 0)
(128644, 0, 0)
(116724, 600, 572)
(103412, 0, 0)
(128764, -272, -352)
(106404, 196, 148)
(114008, 480, 304)
(129052, 0, 56)
(110172, 28, 0)
(127020, 0, -28)
(128784, 0, 0)
(126804, 0, 0)
(127408, 28, 28)
(113068, 0, -192)
(128344, 196, -76)
(128940, -12, -12)
(127460, 0, 0)
(128952, 56, 56)
(127220, 140, 168)
(126836, 140, 140)
(127120, 28, 4)
(125984, 0, 0)
(124876, -112, 1308)
(128772, 0, 16)
(88020, 0, 60)
(116008, 0, -140)
(93008, 780, 644)
(96456, 52, 4)
(127256, 0, 0)
(128616, -24, 220)
(126148, 0, 84)
(122616, 56, -140)
(87724, 0, -224)
(128812, 0, -28)
(127788, 0, 0)
(98736, 0, 0)
(121924, 0, 0)
(125640, -32, -32)
(129096, 84, 84)
(129524, 112, -72)
(126984, 0, 136)
(128096, 0, -28)
(128900, -48, -36)
(111784, 0, 52)
(128832, 0, 40)
(123292, 56, 0)
(127012, 0, -28)
(115096, -8500, -8500)
(129036, 80, 724)
(128964, 348, 348)
(124556, 44, 44)
(128800, 0, 200)
(113364, 0, 0)
(128096, 28, 28)
(129140, 216, 208)
(127216, 8, 8)
(128236, 0, 0)
(105584, 140, 8)
(129192, 300, 300)
(126636, -140, -280)
(127036, 28, 28)
(126804, 28, 28)
(129152, 228, 236)
(128616, -84, -168)
(112408, 0, 0)
(128040, 56, 28)
(128620, -8, -64)
(119600, 308, -284)
(124512, 0, 0)
(98736, 0, -396)
(126808, 4, 4)
(122064, 0, 8)
(125044, 0, -136)
(95944, 224, -936)
(111740, 0, 24)
(124428, 0, 0)
(116316, -420, -924)
(103412, -84, -224)
(98272, 0, 24)
(128916, -168, -352)
(128180, 0, -140)
(127404, 12, 28)
(119328, -272, -412)
(126472, -160, -160)
(113312, 16, 16)
(128680, -268, -12)
(111336, -16, -36)
(109472, 692, 536)
(113368, 56, 56)
(128932, -184, 44)
(126776, 140, 140)
(128744, -392, -448)
(129196, -180, 0)
(113924, -336, -768)
(128912, -516, -824)
(129416, -180, -260)
(120004, 0, 0)
(127488, 28, 28)
(103980, 112, 112)
(127080, -28, -28)
(129164, 228, 312)
(113872, 96, 96)
(115748, 532, 532)
(106208, 48, 48)
(115612, 84, 84)
(129080, -96, -188)
(127592, 0, -140)
(106908, -328, -356)
(123548, 56, 0)
(89648, 100, -712)
(128700, -392, -236)
(129332, 284, 116)
(126692, 0, -28)
(113328, 0, 8)
(126148, 476, 476)
(128828, 28, 16)
(124472, 1036, 644)
(128944, 84, 32)
(127200, 0, 0)
(129140, -12, 24)
(123764, 0, -112)
(125000, 56, 28)
(125984, 0, -48)
(121844, -244, -432)
(126948, 0, 84)
(128448, 1044, 1044)
(87776, 260, 448)
(128144, 0, -224)
(115528, 0, 116)
(128620, 0, 8)
(128824, 0, 0)
(128932, -192, -548)
(127108, 0, 244)
(105312, 0, 0)
(127760, 0, -20)
(128872, 28, 28)
(129072, 0, 56)
(128768, 0, -12)
(96404, 48, 48)
(129084, 0, 0)
(112796, 84, 84)
(112560, 28, 28)
(114344, 0, -120)
(104156, -84, -224)
(123044, 1036, 952)
(129256, 28, -200)
(128924, 0, 0)
(128864, -68, 116)
(128768, -236, -232)
(114092, 168, 168)
(114116, 0, -140)
(129436, -52, -132)
(129208, 80, -32)
(123324, 0, -224)
(121040, 140, -420)
(111800, 0, -24)
(128736, -148, 48)
(124884, 8, 120)
(127396, 140, 140)
(113912, 0, -76)
(129340, 348, 244)
(120900, 560, 560)
(98272, 0, 0)
(123100, 28, 1540)
(128952, 28, 28)
(104240, 84, 168)
(113328, 0, 40)
(129148, 0, -48)
(128860, 0, -140)
(124584, 112, 112)
(124540, 0, 16)
(128844, 56, -308)
(128040, 28, 28)
(128980, 0, 0)
(128884, 0, -56)
(128620, 0, 0)
(129228, 152, -16)
(129144, 128, 44)
(129004, -4, 148)
(129032, -156, -460)
(128980, -92, -92)
(127144, -132, -132)
(102868, 68, 36)
(111792, 0, -12)
(128572, 28, 28)
(129012, 144, 420)
(127180, 0, 0)
(129236, 28, 28)
(128644, 28, 28)
(110816, 0, 0)
(124268, 84, -336)
(126604, 56, -48)
(91868, 792, -56)
(100512, 96, 20)
(128980, -24, 0)
(122008, 84, 84)
(128896, 0, 0)
(124344, -84, -168)
(128780, 0, 0)
(128948, 84, 152)
(127160, -28, -28)
(124988, -1420, -1420)
(126792, -112, -112)
(127592, 140, 112)
(126236, 0, 0)
(96236, 284, 164)
(123332, 0, 0)
(128880, 0, -12)
(127712, 28, 28)
(115216, 56, 56)
(126876, -136, -136)
(128848, 56, 56)
(102464, 88, -756)
(122088, 24, 24)
(88004, 0, -12)
(128988, 0, -16)
(113328, -8, -16)
(122356, 268, 244)
(128964, -56, 84)
(127116, 0, 0)
(113892, 20, -76)
(113192, -280, -784)
(114964, 0, 0)
(125660, 0, -28)
(128908, 0, 196)
(102376, 844, 512)
(104624, 0, 0)
(108780, 156, -468)
(129204, -24, 56)
(111304, 0, -28)
(126688, 0, 0)
(126236, 0, 68)
(123764, 112, 112)
(128844, 28, 0)
(113352, 160, 160)
(125516, 212, -684)
(126636, -324, -324)
(121716, 60, 248)
(115644, 0, -196)
(129412, 184, 32)
(119460, 28, -28)
(128840, 84, 84)
(129160, 224, 224)
(129556, 708, 952)
(119836, 0, -56)
(128804, 0, 172)
(98256, 0, 0)
(128868, 56, 56)
(128788, 364, 388)
(122212, 180, 84)
(128928, 56, 56)
(128700, 0, 392)
(129244, 32, 84)
(128068, 0, -28)
(128968, 60, 24)
(116468, 28, 312)
(128924, -8, -72)
(128196, 0, 244)
(113688, 88, -80)
(126948, -84, -84)
(127320, 112, 64)
(123968, 0, -28)
(126604, 0, 0)
(123332, 0, -8)
(125712, -672, -672)
(129160, 56, -28)
(111456, -44, -208)
(116652, 420, 364)
(129180, 28, -200)
(106132, 548, 408)
(129116, 0, -8)
(126720, 0, -28)
(116176, 84, 0)
(129160, 0, -56)
(123940, 28, -28)
(96296, 84, -172)
(112600, 0, -28)
(128576, 0, -12)
(128936, -132, -384)
(128936, 0, -72)
(128908, 0, -28)
(121672, 240, 240)
(126276, 448, 448)
(112560, 0, -28)
(129076, 252, 252)
(129124, -324, -224)
(128936, 0, -52)
(125392, 140, 140)
(123176, 420, 392)
(128792, -448, -436)
(119304, 0, 0)
(129108, 0, -140)
(128764, 84, 84)
(98736, 396, 312)
(116420, 0, 392)
(127208, 0, -16)
(129144, -420, -400)
(128824, -108, 84)
(128616, 0, -28)
(104712, 4, -80)
(128952, 0, 0)
(128952, 0, -56)
(110016, 284, 204)
(129052, -56, -280)
(124052, 56, 28)
(128892, 56, -84)
(127404, 0, 0)
(114568, 0, 24)
(94020, 1012, 232)
(128848, -52, 88)
(115792, 56, 28)
(116008, 140, -224)
(102984, -52, -220)
(111108, 140, 140)
(112968, 0, -12)
(119612, 0, 0)
(128864, 0, 96)
(128960, 56, -28)
(128380, 180, 180)
(129152, -36, 24)
(128068, 28, 28)
(127108, -244, -552)
(129008, 0, 0)
(129400, 56, 68)
(126984, 0, 0)
(128816, 140, 140)
(128924, 8, 8)
(126108, 36, 8)
(129040, -196, -196)
(87208, -296, -184)
(129308, 164, 284)
(128424, 0, 0)
(128408, 28, -152)
(112600, 0, 0)
(129088, 196, 196)
(87704, 204, 480)
(127352, 308, 56)
(116476, 0, -56)
(128408, 0, 0)
(106244, 28, 28)
(129188, -60, -144)
(126360, 0, -84)
(116792, 448, 896)
(88020, 0, 0)
(119668, 0, 0)
(128936, 72, 72)
(127208, 28, 28)
(115104, 0, 0)
(127612, 124, 124)
(128808, 0, 0)
(119444, 140, 140)
(109388, 200, 116)
(128876, 0, 56)
(128936, 0, 132)
(126960, 0, -84)
(126180, 0, 0)
(125912, 0, 0)
(129324, 292, 292)
(128708, 0, 124)
(126472, -216, -216)
(129604, -8, -160)
(127712, 0, 0)
(128680, 0, 268)
(116476, 0, 0)
(127836, 56, -20)
(128884, 0, 184)
(100232, 80, -56)
(126108, 0, -36)
(126808, 0, -4)
(106216, 0, 0)
(128952, 0, -28)
(123180, 0, -20)
(119600, 140, 112)
(116420, -392, -812)
(98296, 0, 0)
(110816, 0, -140)
(128832, -96, 108)
(128756, -408, -244)
(128620, 140, 140)
(116812, 420, 420)
(111220, -84, -280)
(117052, 584, 584)
(88080, -16, -16)
(128844, 28, 160)
(121432, 0, -140)
(129132, -412, -832)
(123996, 28, 28)
(129188, 304, 304)
(129200, 128, 252)
(115736, 28, -68)
(115504, 28, 28)
(121432, 140, -112)
(113828, -84, -84)
(86860, 464, 188)
(128876, -56, -224)
(115048, 0, 0)
(128956, -644, -776)
(127424, 0, -28)
(128660, 60, 60)
(129068, 280, 280)
(96380, 84, 0)
(129600, 132, 260)
(126748, 28, 28)
(126864, 0, -56)
(104928, 0, 0)
(127380, 120, -104)
(124588, 0, -160)
(128932, 64, 8)
(128448, 0, -1044)
(126384, 0, -224)
(103496, 140, 280)
(129324, -76, -132)
(105008, 184, 72)
(98256, -16, -16)
(128440, -108, -100)
(129052, 112, 112)
(128864, -84, 0)
(119640, -392, -812)
(128856, 0, 324)
(111220, 0, 84)
(103400, 0, 0)
(126444, 0, 28)
(129144, -120, -60)
(116476, 56, 56)
(120652, 240, 16)
(128792, 0, -56)
(124512, -532, -532)
(127200, 0, 1652)
(123596, 0, 44)
(113296, 0, 56)
(128396, 0, -252)
(113828, 0, 84)
(125632, 0, 3332)
(126188, 0, -60)
(103116, 0, 8)
(89944, 296, 296)
(119668, 0, -28)
(96276, 28, 28)
(96396, 160, -124)
(102464, 0, 0)
(125984, 48, 48)
(128924, 116, 8)
(115088, 336, 280)
(115284, 56, -84)
(129208, 0, -56)
(128960, -96, -12)
(87776, 28, -216)
(128924, 0, -84)
(111336, 0, 8)
(128456, 0, 160)
(111212, 0, 88)
(127216, 0, 0)
(128744, 168, 168)
(111784, 0, 0)
(126352, -116, -288)
(127752, 140, 16)
(128972, 0, -8)
(128940, 128, 112)
(129264, -36, 36)
(87504, -112, 164)
(129428, 308, 112)
(128408, 0, -28)
(111792, 0, 0)
(129020, 0, 56)
(116764, 448, 868)
(111764, -300, -552)
(129084, 0, -96)
(126036, -112, -588)
(129032, -124, 44)
(126092, 56, 56)
(114764, 196, 196)
(128816, 0, 216)
(128932, 168, 440)
(86120, -28, 39116)
(128576, 0, 0)
(129020, -140, -140)
(128564, 28, 28)
(114224, 0, 0)
(123180, 0, 0)
(129116, -228, -136)
(129160, 0, 0)
(104100, -48, -188)
(123320, 28, -28)
(122560, 196, 196)
(129236, 0, -28)
(126232, 140, 140)
(125828, 0, 364)
(128608, 112, 112)
(128908, 36, 288)
(128572, -372, -372)
(129000, 8, -60)
(127460, 28, -84)
(129160, -84, -116)
(126304, 0, 0)
(103356, -140, -236)
(129264, 92, -232)
(110856, 28, 16)
(128892, 0, -28)
(86396, 276, 304)
(128804, -172, 60)
(110676, 476, 448)
(126036, 0, 112)
(128892, 28, 28)
(121444, 136, -144)
(129008, 0, -112)
(127236, 0, -28)
(107208, -2808, -3092)
(111740, -24, 276)
(128992, 28, 0)
(104728, 104, 104)
(129080, -264, -48)
(126104, 0, 0)
(128516, 28, 28)
(87516, -188, -392)
(106188, -28, -96)
(128868, 0, 0)
(111448, -8, 36)
(127144, 0, 132)
(111664, 96, 112)
(127392, -16, -44)
(128816, -132, -216)
(122364, 0, -140)
(129264, 120, -8)
(103496, 96, 96)
(128988, 0, -24)
(98088, 376, 76)
(128480, 28, 0)
(127068, -1764, -1512)
(127752, 56, 56)
(125908, 16, 16)
(129248, 84, -144)
(106244, 0, -56)
(127736, 84, 84)
(104240, 140, 140)
(127760, 20, -8)
(129612, 88, -24)
(127712, -124, -180)
(129092, 292, 236)
(129084, -376, -392)
(128964, 28, 28)
(128640, 56, 56)
(128488, 32, 32)
(111780, 0, 0)
(126408, 28, 0)
(104156, -84, -168)
(127984, 28, 28)
(100768, 84, 28)
(129072, 0, 0)
(127844, 0, -28)
(128708, 0, 0)
(129016, 168, 168)
(128448, 0, 0)
(94348, 328, -684)
(124884, 0, 0)
(112064, 252, 252)
(129584, 264, 492)
(124404, 60, 144)
(127100, -112, -164)
(128676, 0, -56)
(124356, 24, -144)
(114964, 140, 112)
(111568, -16, -108)
(128896, 0, 136)
(111656, 708, 4856)
(114796, 0, -32)
(128596, 112, 112)
(128684, -56, -84)
(128424, 28, 28)
(88736, 888, -100)
(122168, 0, 240)
(129584, 72, 164)
(126584, 140, 140)
(124408, 140, 56)
(114124, 8, 8)
(128792, 224, 0)
(125112, 84, 56)
(128844, 28, -28)
(128888, 0, -84)
(118304, 56, -28)
(87804, 0, 0)
(106160, 0, 0)
(127208, 0, 0)
(127208, 0, -28)
(129076, 0, -132)
(88080, 0, 16)
(111812, 0, -28)
(123968, 28, 0)
(128968, 0, 0)
(128920, 8, 96)
(129104, -88, 36)
(125912, -364, -812)
(128848, 0, 8)
(128792, 56, 204)
(119948, -560, -560)
(114260, 432, 432)
(128628, 56, 428)
(95952, 120, 108)
(112520, 112, 112)
(128988, -236, -196)
(127780, 0, 308)
(129376, -180, -256)
(128788, 0, -112)
(127100, 0, -80)
(112712, 28, 28)
(121732, 108, 100)
(128796, -164, 160)
(126380, 28, 28)
(127780, -308, -644)
(128884, -28, 488)
(128848, 0, -236)
(87820, 0, -28)
(128588, -32, -32)
(128824, 28, -84)
(128844, 0, -56)
(125672, 0, 0)
(128780, 0, 336)
(102996, 12, 64)
(129168, -8, -444)
(103176, 0, -60)
(126636, 0, 0)
(119472, 28, 28)
(116016, -56, -336)
(128960, 112, 120)
(123400, 68, 68)
(121308, 280, 68)
(106216, 0, 28)
(111584, 92, -132)
(129128, 280, 280)
(128340, 84, 56)
(111836, 0, 0)
(115556, 0, -92)
(127752, 0, 0)
(125876, 28, -28)
(116040, 8, -8)
(126384, 224, 168)
(89648, 0, -100)
(122224, 56, 56)
(128928, 0, 0)
(126472, -392, -784)
(106216, 108, 132)
(128876, 72, 72)
(127008, -28, -28)
(128984, 48, 88)
(129316, 364, 312)
(129076, 168, 168)
(128968, -84, -196)
(128856, 64, 64)
(128956, -124, -136)
(127208, 16, 16)
(112532, 0, 0)
(115868, 364, 336)
(126692, 0, 0)
(105240, 8, 8)
(113364, 28, 28)
(128740, 0, 180)
(129596, 1184, 288)
(128792, 0, 0)
(122064, -8, 132)
(115448, 92, 484)
(128620, 0, -140)
(92228, 136, 136)
(128868, -276, 144)
(129348, 360, 596)
(110968, 84, 56)
(129576, 16, -388)
(96212, 256, 244)
(116072, 280, 224)
(115160, 56, 56)
(112588, 0, 0)
(126776, 0, -28)
(105232, 0, 0)
(111268, 56, 56)
(125648, -252, -308)
(118176, -20, -1164)
(127676, 0, 0)
(104008, 28, -84)
(123912, 56, -28)
(112520, 0, -112)
(100628, 116, 20)
(128760, 16, 408)
(126212, 64, 64)
(103036, 168, 100)
(96992, 144, -192)
(126556, 0, 392)
(128792, 0, -224)
(128960, 0, -84)
(113212, 0, 84)
(128784, 28, -68)
(98220, 132, -244)
(115048, 0, 1792)
(89648, 0, 0)
(126148, 0, 0)
(126444, 0, -56)
(129068, -436, -696)
(127164, 0, -24)
(126136, 0, -28)
(127928, 28, 0)
