(118360, -24, 48)
(123024, -336, -364)
(123528, 280, 280)
(123480, 0, -280)
(123212, 12, 396)
(121156, 0, -20)
(123360, 28, -280)
(122120, -316, -636)
(123024, 0, 412)
(118280, 548, 116)
(115484, 112, 56)
(119756, 40, 40)
(115940, 304, 276)
(123068, 28, 28)
(123016, -344, -680)
(116672, 0, 448)
(121108, -8, -8)
(118292, -68, -68)
(123148, 0, 372)
(123504, 280, 280)
(122436, 320, 292)
(123036, 0, 24)
(122996, -308, -756)
(119468, 68, 56)
(123060, -428, -540)
(121512, 308, 308)
(123156, 0, 412)
(114464, 28, -88)
(123192, -16, -16)
(121628, -56, -112)
(121148, 28, 28)
(116740, 0, -52)
(123212, 0, 0)
(123168, 8, 8)
(115608, 40, 12)
(123172, 0, -12)
(116672, -448, -476)
(123596, 392, 392)
(123132, 0, 20)
(123164, 0, 0)
(123144, -28, -28)
(113092, 0, 0)
(123172, 0, 28)
(122996, 0, 308)
(123232, 0, 0)
(122060, 180, -260)
(123216, 0, 0)
(116956, 684, 684)
(116684, 0, -12)
(123032, -316, -316)
(116684, 12, 12)
(121056, -336, -344)
(123376, 308, 308)
(119716, 0, 0)
(114112, 588, 588)
(121048, -8, -8)
(123436, 428, 428)
(123488, 112, -196)
(117120, 28, -108)
(123152, 8, -20)
(123032, 0, 0)
(121204, 0, -12)
(119620, 0, -12)
(113356, 0, 0)
(123192, 0, -28)
(118596, 8, -76)
(121384, 0, 8)
(121384, 0, 0)
(122800, 672, 1084)
(123068, 0, 0)
(123024, 8, 8)
(118652, 56, 48)
(119612, 0, 0)
(123252, 0, 0)
(123144, 28, 28)
(119648, 36, 36)
(122396, 336, 336)
(123208, 0, 8)
(122088, -308, -644)
(121140, 0, 0)
(122996, -308, -616)
(123204, -288, -568)
(123060, 0, 428)
(121880, 440, 440)
(123480, 420, 420)
(121148, 0, -28)
(121116, 0, 32)
(121068, 224, -196)
(121204, 0, 0)
(119612, 0, 8)
(123232, 0, -28)
(123216, -8, 384)
(123040, 0, 308)
(123188, -316, -624)
(123152, 0, 0)
(123024, -308, -616)
(121136, -8, -8)
(113120, 0, -28)
(118936, 132, 120)
(121108, 0, 0)
(114320, 28, -152)
(121448, 140, 140)
(123060, 0, 316)
(121288, 196, 196)
(121440, 0, 8)
(123036, -24, -24)
(123016, 0, 0)
(123540, 280, 268)
(122060, 0, 0)
(123304, 448, 448)
(121140, -8, -8)
(123008, -16, -16)
(121068, 0, -8)
(123196, 8, 8)
(121316, 0, 2156)
(121392, 0, -28)
(123068, 0, -8)
(123232, 28, 28)
(113524, 168, 168)
(113356, 0, -28)
(123636, 420, 420)
(119620, 12, -128)
(123188, 0, 0)
(123044, 0, 0)
(123248, 0, 280)
(123116, 0, -16)
(121768, -1484, -1484)
(123024, 0, 308)
(119784, 0, -28)
(121068, 8, 8)
(116696, 0, 0)
(113288, 0, 0)
(121116, 0, 0)
(123016, 0, 344)
(117092, 136, -548)
(116272, 0, -24)
(123148, 0, 44)
(123196, 28, 28)
(121120, 0, 168)
(114436, 116, 116)
(122856, 0, -56)
(123208, -308, -616)
(123572, 428, 428)
(123204, 0, -72)
(121136, 0, 0)
(123208, -412, -832)
(113328, 0, -40)
(123192, 28, 28)
(121440, 0, 0)
(121204, 12, 4)
(123192, -288, -288)
(114320, 0, -28)
(122120, 0, 0)
(123224, 0, -12)
(123520, 372, 372)
(123620, 420, 420)
(121136, 0, 8)
(116248, -56, -420)
(123208, 12, 4)
(123024, 0, -8)
(116696, 0, -12)
(121308, 260, 260)
(123172, 12, 424)
(114884, -24, -468)
(123148, -44, -44)
(123200, 28, 28)
(123224, -392, -504)
(123016, -8, 328)
(123148, -308, -752)
(120356, 380, 284)
(123068, 0, 412)
(123204, 72, 72)
(123208, 0, 308)
(119976, 96, 0)
(121120, 0, 0)
(113120, 0, 0)
(121392, 28, 176)
(123660, 420, 428)
(123208, 0, 0)
(123148, 0, 308)
(122116, 28, 336)
(123156, -412, -832)
(115316, 84, -56)
(121192, 8, -20)
(123216, -16, -40)
(123248, -412, -832)
(121092, 0, 0)
(123636, 140, -140)
(123040, 8, -8)
(119388, 36, 36)
(123492, 280, 280)
(116304, 364, 60)
(123216, 0, 16)
(119648, 0, -36)
(122996, 8, 8)
(123040, 0, 0)
(113524, 0, -168)
(121048, 0, 8)
(123504, 308, 280)
(123160, -316, -624)
(123100, 56, 56)
(123208, 0, 428)
(123168, 0, -8)
(121184, 28, 28)
(123248, 0, 388)
(123144, 0, 0)
(119352, 0, 208)
(121148, 0, 0)
(116672, 0, 0)
(121048, 0, 0)
(121056, 0, 336)
(123024, -412, -840)
(115232, 140, -68)
(123476, 308, 308)
(123216, -16, -16)
(118360, 0, 0)
(121448, 0, 0)
(122800, 0, 0)
(119612, -8, -8)
(123248, -280, -560)
(119620, 0, 0)
(123376, 308, 280)
(123016, 0, 8)
(123032, 0, 316)
(121148, 0, -8)
(123216, 0, 8)
(123160, -412, -840)
(121764, 448, 448)
(123200, -384, -776)
(123616, 112, -168)
(123068, 8, 8)
(119352, -208, -552)
(123188, 0, 316)
(123248, -388, -808)
(123016, -8, -8)
(121144, 24, 24)
(123164, 16, 16)
(123332, 336, 328)
(123252, -8, 412)
(115512, 28, -84)
(123016, 0, 428)
(123192, 0, 16)
(121156, 20, 20)
(115540, 28, 0)
(123208, -428, -568)
(123148, -372, -744)
(122988, 0, 8)
(123024, 0, 8)
(119880, 96, 96)
(113328, 40, 40)
(123040, -308, -616)
(123200, -8, -8)
(119560, 344, 148)
(119216, 196, 196)
(123032, 16, 16)
(121140, 0, 8)
(119784, 28, -12)
(122988, 0, 0)
(119020, 0, -84)
(117300, 180, -164)
(116688, -8, -8)
(113356, 28, 28)
(121144, 0, 0)
(123204, 0, 288)
(116684, 0, 0)
(123680, 140, -140)
(121060, -8, -8)
(123068, -412, -832)
(118292, 0, 0)
(123192, 0, 288)
(114908, 444, 416)
(121144, 0, -24)
(123060, -316, -624)
(117120, 344, 308)
(121060, 0, 8)
(121628, 132, 400)
(123360, 336, 644)
(123212, 0, -12)
(121108, 0, 8)
(123040, 8, 8)
(123152, 0, -8)
(119608, 140, 72)
(123584, 392, 392)
(123116, 16, -40)
(123472, 280, 280)
(123212, -384, -776)
(123496, 280, 280)
(122128, -412, -832)
(123304, 308, 308)
(113288, -196, -544)
(121068, 0, -224)
(121364, -148, -456)
(116688, 0, 8)
(123132, -20, -20)
(121120, 0, -12)
(123008, 0, 0)
(123008, 0, 16)
(118804, 12, -128)
(123148, 0, 0)
(118456, -3312, -1828)
(120412, 56, -324)
(123568, 420, 420)
(123012, 1384, 1440)
(113136, 16, 16)
(122540, 420, 420)
(123348, 0, -308)
(123168, 0, 0)
(113484, 348, 332)
(123444, 420, 420)
(116776, 36, 36)
(119400, 12, -24)
(123172, -28, -28)
(123260, -420, -560)
(113328, 0, 0)
(123204, 0, 0)
(123252, 0, 8)
(123012, 0, -1384)
(123144, 0, 28)
(121392, 8, 8)
(123040, 0, -8)
(121448, 0, -140)
(119020, 84, -48)
(115568, 28, 0)
(123224, 0, 0)
(118504, 56, -112)
(116740, 0, 0)
(123240, -8, -8)
(121056, 0, 0)
(121092, 0, -24)
(123172, 0, 0)
(122856, 0, 0)
(123016, -428, -848)
(119716, 0, -68)
(119716, 68, 68)
(116696, 12, 12)
(121316, -2156, -2436)
(117732, 432, 252)
(122060, 0, -180)
(123260, -280, -560)
(123024, -308, -644)
(118384, -72, 3240)
(123540, 280, 560)
(119648, 0, 0)
(123160, 0, 316)
(121384, -8, -8)
(123024, 0, 0)
(123036, 0, 0)
(120424, 12, -44)
(121092, 24, 24)
(121148, 8, 8)
(115372, 56, -28)
(118360, 0, 24)
(121308, 0, -260)
(122120, 0, 316)
(113120, 28, 28)
(123060, 0, 0)
(122856, 56, 56)
(123456, 444, 444)
(116740, 52, 52)
(122988, -8, 300)
(123192, 0, 0)
(123208, -8, -8)
(123480, 280, 252)
(115092, 208, 232)
(121440, -8, -8)
(118792, 140, 84)
(123044, 0, -8)
(123164, 0, -16)
(123168, 12, 12)
(123044, 8, 8)
(115636, 28, -12)
(123332, 308, 308)
(123200, 0, 0)
(118448, 168, -380)
(116272, 24, 80)
(123516, 308, 296)
(114292, 180, -408)
(123024, -8, -8)
(123168, 0, -12)
(121060, 0, 0)
(122800, 0, -672)
(121116, -32, -32)
(118292, 0, 68)
(123528, 280, 560)
(121684, 56, -76)
(123200, 0, 8)
(123160, 0, 0)
(118588, 84, 28)
(123224, 12, 396)
(123348, 308, 308)
(120844, 420, 408)
(113288, 0, 196)
(123232, 24, 436)
(116272, 0, 0)
(121120, 12, 12)
(121308, 0, 0)
(121496, -268, -716)
(123260, 12, 424)
(121120, -168, -364)
